0.477284 -0.878556 0.0184031 0.681433 0.878745 0.477243 -0.00686302 0.552625 -0.00275319 0.0194472 0.999807 0.791128
0.474329 -0.880248 0.0132121 1.48817 0.880347 0.474292 -0.00604466 2.13027 -0.00094558 0.0144984 0.999894 0.799857
0.471519 -0.881732 0.0147828 2.31601 0.881847 0.471523 -0.00340713 3.73613 -0.00396623 0.0146427 0.999885 0.809163
0.468958 -0.883093 0.0150211 3.15176 0.883212 0.468959 -0.0036732 5.36072 -0.0038005 0.0149894 0.99988 0.813684
0.467262 -0.883958 0.016851 3.99817 0.88411 0.467258 -0.00440531 7.00087 -0.00397967 0.0169566 0.999848 0.818252
0.467689 -0.8837 0.0184801 4.85329 0.883817 0.467821 0.00335548 8.66762 -0.0116106 0.0147637 0.999824 0.828415
0.470097 -0.882356 0.021373 5.72365 0.882479 0.470312 0.00615442 10.3446 -0.0154824 0.015968 0.999753 0.8254
0.472197 -0.881337 0.0166164 6.60077 0.881456 0.472266 0.000316469 12.0321 -0.0081263 0.0144972 0.999862 0.817176
0.474016 -0.880337 0.0177972 7.49687 0.8805 0.474035 -0.00340212 13.7395 -0.00544148 0.0172831 0.999836 0.816141
0.472828 -0.880752 0.026643 8.40868 0.881039 0.47304 0.00194494 15.4713 -0.0143162 0.0225539 0.999643 0.815519
0.470705 -0.881635 0.0340171 9.3295 0.882231 0.470771 -0.00652687 17.2013 -0.01026 0.0330832 0.9994 0.802836
0.467851 -0.883298 0.0300035 10.2455 0.883797 0.467738 -0.0111058 18.9736 -0.004224 0.0317128 0.999488 0.809203
0.465798 -0.884386 0.0298722 11.2023 0.884841 0.465865 -0.00510241 20.848 -0.0094039 0.0288088 0.999541 0.868151
0.463646 -0.885495 0.0305236 12.1475 0.885931 0.463814 -0.00173826 22.7016 -0.0126181 0.0278478 0.999533 0.906569
0.462932 -0.885929 0.0286987 13.075 0.886209 0.463255 0.00543462 24.5447 -0.0181095 0.0229172 0.999573 0.924901
0.46288 -0.885992 0.0275842 13.9915 0.886261 0.463164 0.00460866 26.3643 -0.0168592 0.0223135 0.999609 0.92664
0.462366 -0.886363 0.0240424 14.895 0.886582 0.462561 0.00300532 28.1603 -0.0137849 0.019926 0.999706 0.93619
0.460352 -0.88733 0.0268639 15.7991 0.887589 0.460616 0.00431695 29.9437 -0.0162045 0.0218567 0.99963 0.947217
0.459651 -0.887864 0.0204658 16.6754 0.888053 0.45974 -0.000399461 31.7073 -0.00905427 0.0183583 0.99979 0.954799
0.458886 -0.888239 0.0213241 17.5603 0.888427 0.459015 0.00132014 33.4645 -0.0109607 0.0183392 0.999772 0.966023
0.458249 -0.888417 0.0268981 18.4404 0.888697 0.458485 0.00300996 35.206 -0.0150065 0.022525 0.999634 0.972539
0.457725 -0.888543 0.0313008 19.3176 0.889006 0.45789 -0.00209638 36.9256 -0.0124696 0.0287862 0.999508 0.970596
0.455556 -0.889412 0.0376093 20.1889 0.890038 0.455886 0.000222033 38.6422 -0.017343 0.0333726 0.999292 0.966271
0.454281 -0.889879 0.0417669 21.0411 0.890507 0.45492 0.00677397 40.3605 -0.0250286 0.0341164 0.999104 0.949994
0.45201 -0.891361 0.0341054 21.8769 0.891895 0.452241 -0.00105802 42.0336 -0.0144808 0.0308967 0.999418 0.936933
0.450045 -0.892618 0.0263001 22.6904 0.892959 0.450128 -0.00301713 43.6745 -0.00914528 0.0248428 0.99965 0.937758
0.447878 -0.893798 0.0230344 23.4796 0.893989 0.448072 0.00382902 45.2797 -0.0137435 0.0188776 0.999727 0.953644
0.445318 -0.895111 0.0216298 24.2417 0.89527 0.445503 0.00440796 46.8329 -0.0135817 0.0174016 0.999756 0.95888
0.442482 -0.896522 0.0213889 24.9778 0.89665 0.442695 0.00631708 48.3407 -0.0151322 0.0163832 0.999751 0.967208
0.439833 -0.897828 0.0212625 25.6883 0.897899 0.440096 0.009632 49.8047 -0.0180054 0.0148552 0.999728 0.970087
0.436914 -0.899266 0.020642 26.3741 0.89917 0.437262 0.0171682 51.2261 -0.0244647 0.0110597 0.99964 0.97354
0.43336 -0.901165 0.0100176 27.3205 0.901184 0.433416 0.00419068 53.2187 -0.0081183 0.00721165 0.999941 0.982967
0.431014 -0.902307 0.00832683 28.1876 0.902265 0.43108 0.0093422 55.0645 -0.0120191 0.0034864 0.999922 1.0177
0.430764 -0.902334 0.0153412 28.9964 0.902464 0.430681 -0.00849074 56.7245 0.00105433 0.0175024 0.999846 1.05119
0.440705 -0.897562 0.0127338 29.7352 0.89764 0.440727 -0.00119749 58.2723 -0.0045373 0.0119581 0.999918 1.08842
0.461278 -0.88698 0.0221267 30.4729 0.88716 0.461451 0.00315721 59.6811 -0.0130108 0.0181736 0.99975 1.12076
0.508188 -0.861129 0.0141989 31.1777 0.861115 0.508329 0.00909049 60.9658 -0.0150458 0.0076072 0.999858 1.13518
0.609773 -0.792268 0.0221172 32.2384 0.792239 0.61009 0.0121427 62.4275 -0.0231138 0.0101178 0.999682 1.14462
0.747152 -0.664378 0.0191339 33.4569 0.664251 0.747392 0.0132648 63.6 -0.0231134 0.00279893 0.999729 1.14312
0.886216 -0.462951 0.017243 34.8315 0.462865 0.886384 0.00890949 64.3609 -0.0194086 8.54526e-05 0.999812 1.11945
0.985751 -0.166518 0.0237963 36.687 0.166369 0.98603 0.00810082 64.7382 -0.0248128 -0.00402643 0.999684 1.09223
0.989938 0.139744 0.0222328 38.9333 -0.139551 0.990164 -0.0100372 64.4777 -0.0234167 0.00683357 0.999702 1.0471
0.955514 0.294455 0.0169702 40.8137 -0.294583 0.95561 0.00549768 63.9366 -0.0145981 -0.0102522 0.999841 1.03303
0.928186 0.372088 -0.00458592 42.3897 -0.372094 0.928195 -0.000557146 63.2654 0.00404932 0.00222353 0.999989 0.985585
0.90594 0.423367 0.00577645 44.127 -0.423326 0.905949 -0.00711225 62.4214 -0.00824427 0.00399795 0.999958 0.996798
0.894941 0.446182 0.00121058 45.529 -0.446134 0.894878 -0.0125573 61.6684 -0.00668617 0.010698 0.99992 0.989972
0.887265 0.461253 -0.00249977 47.0653 -0.461235 0.88715 -0.0150448 60.8283 -0.00472177 0.0145017 0.999884 0.971901
0.882472 0.470351 -0.0035266 48.7281 -0.470327 0.882283 -0.0192181 59.879 -0.00592781 0.0186181 0.999809 0.95478
0.882598 0.470059 -0.00803764 50.5154 -0.470084 0.882156 -0.0286666 58.8401 -0.00638456 0.0290795 0.999557 0.933052
0.885769 0.464022 -0.00985964 51.79 -0.464089 0.885224 -0.0316099 58.1201 -0.00593969 0.0325748 0.999452 0.920137
0.889304 0.457249 -0.0078632 53.1351 -0.457232 0.888677 -0.0345282 57.3896 -0.00880015 0.0343014 0.999373 0.915742
0.892964 0.450118 -0.00308567 54.5401 -0.449967 0.89244 -0.0328716 56.6549 -0.0120423 0.0307416 0.999455 0.905893
0.896258 0.443509 -0.00452746 55.9749 -0.44346 0.895881 -0.0272158 55.9229 -0.00801441 0.0264002 0.999619 0.90124
0.896741 0.44247 -0.00868852 57.4293 -0.442555 0.896597 -0.016114 55.1922 0.000660127 0.0182952 0.999832 0.899904
0.896735 0.44255 -0.00391315 58.8951 -0.442563 0.896651 -0.0124756 54.4512 -0.00201234 0.0129191 0.999915 0.918453
0.896743 0.442549 -0.00169503 60.3546 -0.442536 0.896669 -0.012117 53.7032 -0.0038425 0.011616 0.999925 0.936559
0.896632 0.442777 -0.000283848 61.809 -0.442764 0.896602 -0.00809987 52.9587 -0.00333193 0.00738828 0.999967 0.958061
0.894887 0.446291 0.0015705 63.2596 -0.446287 0.894887 -0.00238076 52.2195 -0.00246793 0.00142961 0.999996 0.975218
0.890962 0.454016 0.00744037 64.7055 -0.454031 0.890986 0.000273789 51.4702 -0.00650496 -0.00362209 0.999972 0.995042
0.884616 0.466183 0.0113023 66.1344 -0.466229 0.884662 0.00172546 50.6997 -0.00919434 -0.00679583 0.999935 1.01134
0.875687 0.482772 0.0101297 67.5321 -0.482821 0.875714 0.0029231 49.9069 -0.00745955 -0.00745057 0.999944 1.0212
0.8653 0.501103 0.0123362 68.9017 -0.501161 0.865352 0.00196827 49.0929 -0.00968888 -0.00788559 0.999922 1.03368
0.853883 0.520312 0.0126059 70.2415 -0.52036 0.853947 0.000536795 48.2519 -0.0104855 -0.00701795 0.99992 1.0388
0.842287 0.538906 0.0115776 71.5451 -0.538959 0.84233 0.00186268 47.3964 -0.00874834 -0.00780875 0.999931 1.04516
0.831328 0.555699 0.00961705 72.8082 -0.555737 0.831356 0.00175505 46.5269 -0.00701991 -0.00680358 0.999952 1.05122
0.820487 0.571596 0.00884968 74.0297 -0.571627 0.820512 0.00125124 45.6484 -0.00654607 -0.00608535 0.99996 1.0604
0.811016 0.584957 0.00883114 75.2104 -0.584966 0.811056 -0.00187593 44.7631 -0.00825989 -0.0036445 0.999959 1.07106
0.805348 0.59274 0.00859273 76.3534 -0.592679 0.805392 -0.00871525 43.881 -0.0120864 0.00192609 0.999925 1.08165
0.802451 0.596648 0.0090667 77.4599 -0.596544 0.802492 -0.0118776 43.0242 -0.0143627 0.00412247 0.999888 1.0852
0.803792 0.594883 0.00574245 79.0284 -0.594787 0.803784 -0.0126595 41.8086 -0.0121466 0.0067601 0.999903 1.08815
0.817272 0.576232 0.00489457 80.4914 -0.576163 0.817265 -0.0106769 40.7287 -0.0101526 0.00590589 0.999931 1.09651
0.845233 0.534392 0.00236268 81.8654 -0.534368 0.845225 -0.00666431 39.8223 -0.00555835 0.00437036 0.999975 1.1136
0.887029 0.461714 -0.000495812 83.2482 -0.461715 0.887028 -0.00108784 39.0643 -6.24729e-05 0.00119387 0.999999 1.13576
0.952783 0.303323 0.0141407 85.1745 -0.303339 0.952882 -0.00104164 38.3336 -0.0137904 -0.00329696 0.999899 1.1686
0.997147 0.0748363 0.00990862 87.1107 -0.0748113 0.997194 -0.00287524 38.0543 -0.010096 0.00212576 0.999947 1.18828
0.980803 -0.194918 -0.00579607 88.9594 0.194896 0.980815 -0.00410918 38.306 0.00648582 0.00290067 0.999975 1.2034
0.894489 -0.446978 0.0100199 90.6626 0.447017 0.894523 -0.00197804 39.0541 -0.00807887 0.00624839 0.999948 1.24218
0.779605 -0.626058 0.0163748 92.1626 0.625848 0.779773 0.0164056 40.2303 -0.0230395 -0.00254172 0.999731 1.25465
0.717347 -0.696588 0.0133609 93.2045 0.696453 0.717471 0.0136905 41.2552 -0.0191227 -0.000515616 0.999817 1.22929
0.689197 -0.724519 0.00892816 94.2479 0.724325 0.689231 0.0177148 42.3615 -0.0189883 -0.00574207 0.999803 1.20717
0.681774 -0.731536 -0.00625766 95.3305 0.731467 0.681522 0.0219774 43.5484 -0.0118125 -0.0195609 0.999739 1.19891
0.689542 -0.724148 -0.0119116 96.5074 0.724239 0.689512 0.00712988 44.7698 0.00305009 -0.0135432 0.999904 1.18999
0.700382 -0.71368 -0.0112102 97.775 0.713744 0.700141 0.0192934 46.0889 -0.0059206 -0.021514 0.999751 1.20221
0.70786 -0.706343 0.00373056 99.1531 0.706123 0.707754 0.0217751 47.4461 -0.018021 -0.0127795 0.999756 1.2024
0.707778 -0.70643 -0.00272881 100.582 0.706434 0.707762 0.00486143 48.8516 -0.00150291 -0.00536854 0.999984 1.1905
0.703044 -0.711144 0.00189985 102.091 0.711102 0.703028 0.00924437 50.3651 -0.00790972 -0.00514821 0.999955 1.19316
0.699795 -0.714337 0.003183 103.127 0.714196 0.699733 0.0172501 51.4257 -0.0145496 -0.00979824 0.999846 1.19884
0.69584 -0.718159 -0.00742252 104.174 0.718183 0.695724 0.0134722 52.5145 -0.00451117 -0.0147052 0.999882 1.19051
0.690097 -0.723688 -0.00650103 105.259 0.723713 0.690033 0.0097239 53.6387 -0.00255114 -0.0114153 0.999932 1.19088
0.68604 -0.727564 5.62409e-05 106.373 0.727532 0.68601 0.00937414 54.8002 -0.00685887 -0.00639012 0.999956 1.20089
0.684369 -0.729088 0.00837699 107.519 0.729055 0.684419 0.00698828 56.0045 -0.0108284 0.00132472 0.999941 1.19974
0.684245 -0.729239 0.00433499 108.664 0.729177 0.684248 0.0102493 57.2329 -0.0104404 -0.00385205 0.999938 1.20086
0.685245 -0.728265 -0.00833413 109.812 0.72829 0.685088 0.0157777 58.4775 -0.00578074 -0.0168812 0.999841 1.19919
0.689482 -0.724164 -0.0141945 110.98 0.724245 0.689047 0.0261361 59.7388 -0.00914616 -0.0283006 0.999558 1.20741
0.6928 -0.720943 -0.0164204 112.171 0.72111 0.692431 0.0232377 60.9871 -0.00538311 -0.02794 0.999595 1.20859
0.69384 -0.720106 -0.00582413 113.395 0.720103 0.693724 0.014104 62.2443 -0.00611601 -0.0139799 0.999884 1.19537
0.695651 -0.718355 -0.00595578 114.602 0.718336 0.695494 0.016784 63.5061 -0.00791468 -0.0159541 0.999841 1.19194
0.696999 -0.717062 -0.00367498 115.808 0.716817 0.696605 0.0302499 64.771 -0.019131 -0.0237184 0.999536 1.18958
0.698273 -0.715745 -0.0111355 117.001 0.715832 0.69819 0.0107618 65.9596 7.19633e-05 -0.0154858 0.99988 1.20393
0.697376 -0.716638 -0.00981773 118.206 0.716685 0.697395 0.00194336 67.1499 0.00545415 -0.00839147 0.99995 1.2258
0.695195 -0.718605 0.0175905 119.425 0.718019 0.695368 0.0302113 68.3812 -0.0339419 -0.00837239 0.999389 1.25323
0.694201 -0.719781 -0.00065872 120.587 0.719654 0.694059 0.0194993 69.5584 -0.013578 -0.0140105 0.99981 1.22685
0.692099 -0.721789 -0.00440367 121.759 0.721798 0.692057 0.00805139 70.726 -0.00276381 -0.00875092 0.999958 1.21059
0.687583 -0.726101 -0.00281763 122.906 0.726092 0.687539 0.0089511 71.9194 -0.00456217 -0.00820047 0.999956 1.20016
0.681703 -0.731593 -0.00725304 124.028 0.731622 0.681619 0.011148 73.111 -0.00321196 -0.0129061 0.999912 1.1812
0.67867 -0.734322 -0.013339 125.14 0.734434 0.678455 0.0174679 74.3122 -0.00377715 -0.0216516 0.999758 1.17324
0.676648 -0.736261 -0.00823342 126.259 0.736251 0.676417 0.0198697 75.5033 -0.00906002 -0.0195066 0.999769 1.17141
0.671479 -0.740991 -0.00698662 127.36 0.741019 0.671412 0.00985901 76.6841 -0.00261454 -0.0117973 0.999927 1.16318
0.661583 -0.749868 -0.00250283 128.444 0.749856 0.661544 0.00866516 77.8957 -0.00484199 -0.00760949 0.999959 1.16535
0.653505 -0.756834 0.0115769 129.514 0.756588 0.653595 0.0197003 79.1356 -0.0224765 -0.00411524 0.999739 1.16472
0.647029 -0.762458 0.00331521 130.54 0.762155 0.646884 0.0257152 80.381 -0.0217514 -0.0141118 0.999664 1.14741
0.636788 -0.771031 -0.00365604 131.566 0.771024 0.636737 0.00939882 81.612 -0.00491884 -0.00880395 0.999949 1.12274
0.625585 -0.780135 -0.0056397 132.587 0.780105 0.625445 0.0159821 82.8925 -0.00894086 -0.0143977 0.999856 1.12329
0.611647 -0.790969 -0.0159761 133.582 0.791127 0.611457 0.0154804 84.1841 -0.00247586 -0.0221077 0.999753 1.11848
0.598301 -0.801115 -0.0158089 134.572 0.801271 0.598161 0.0130043 85.4891 -0.000961744 -0.0204477 0.99979 1.10755
0.585459 -0.810574 -0.0143841 135.531 0.810587 0.584986 0.0271954 86.8432 -0.0136294 -0.0275813 0.999527 1.10241
0.574041 -0.818751 -0.0111549 136.476 0.818603 0.573512 0.0311866 88.1957 -0.0191366 -0.0270338 0.999451 1.09318
0.566749 -0.823695 -0.0179687 137.398 0.823804 0.566239 0.0268245 89.5539 -0.0119206 -0.0300054 0.999479 1.0845
0.561522 -0.826938 -0.0294335 138.294 0.827457 0.561046 0.0232704 90.9242 -0.0027296 -0.0374218 0.999296 1.06935
0.55712 -0.830057 -0.0249427 139.21 0.830239 0.556092 0.0382733 92.3274 -0.0178986 -0.0420312 0.998956 1.05247
0.550436 -0.834614 -0.0209936 140.116 0.834526 0.549301 0.0428198 93.719 -0.0242061 -0.0410892 0.998862 1.0315
0.540354 -0.841288 -0.0158664 141.015 0.841394 0.54004 0.020314 95.0822 -0.00852149 -0.0243266 0.999668 0.995592
0.528255 -0.848963 -0.0144644 141.885 0.848954 0.527795 0.0266323 96.4975 -0.0149756 -0.0263483 0.999541 0.971455
0.51696 -0.856009 -0.000296134 142.766 0.855725 0.516779 0.0259549 97.9249 -0.0220646 -0.013671 0.999663 0.944139
0.506534 -0.862209 0.00424136 143.625 0.862041 0.506523 0.0178718 99.3672 -0.0175576 -0.00539645 0.999831 0.919363
0.494549 -0.869065 0.0121541 144.472 0.86915 0.494495 -0.00733257 100.796 0.000362338 0.01419 0.999899 0.893665
0.484199 -0.874875 0.0120987 145.289 0.874721 0.484343 0.016573 102.301 -0.0203592 0.00255833 0.999789 0.88219
0.476318 -0.879212 0.0103522 146.085 0.878839 0.47642 0.0258161 103.804 -0.0276298 -0.00319875 0.999613 0.863187
0.472514 -0.881267 -0.00997238 146.853 0.881294 0.472376 0.013436 105.294 -0.00712994 -0.0151373 0.99986 0.834072
0.468357 -0.883526 -0.00480714 147.654 0.883512 0.468292 0.0104458 106.799 -0.00697799 -0.00913952 0.999934 0.82426
0.468145 -0.883651 0.00103067 148.453 0.883369 0.468025 0.0247344 108.331 -0.022339 -0.0106689 0.999694 0.820294
0.464982 -0.885319 -0.00158716 149.245 0.885216 0.464899 0.0161551 109.842 -0.0135645 -0.00891679 0.999868 0.814038
0.461251 -0.887222 0.00919413 150.054 0.887263 0.461183 -0.00858834 111.33 0.00337958 0.012119 0.999921 0.809577
0.45892 -0.88842 0.0100996 150.839 0.888417 0.458992 0.0064946 112.866 -0.0104056 0.00599215 0.999928 0.824654
0.45652 -0.889649 0.0107018 151.611 0.889627 0.45661 0.00839398 114.372 -0.0123542 0.00568855 0.999907 0.828507
0.456337 -0.889807 0.000539306 152.37 0.889797 0.456334 0.00443392 115.868 -0.00419143 -0.00154349 0.99999 0.824351
0.455137 -0.890419 -0.00193889 153.127 0.890348 0.455071 0.013846 117.371 -0.0114464 -0.00802812 0.999902 0.831632
0.454343 -0.890801 -0.00681376 153.873 0.890712 0.454148 0.0195141 118.865 -0.0142887 -0.0149352 0.999786 0.827695
0.452993 -0.891446 -0.0109976 154.606 0.891492 0.45286 0.012609 120.334 -0.00625987 -0.015516 0.99986 0.821334
0.454407 -0.890701 -0.0128984 155.29 0.890783 0.454281 0.0116399 121.699 -0.00450817 -0.0167789 0.999849 0.808605
0.459778 -0.887931 -0.013502 155.934 0.888028 0.459667 0.0106143 122.96 -0.00321832 -0.0168704 0.999852 0.795974
0.467801 -0.883716 -0.0144314 156.9 0.883833 0.467715 0.00909056 124.85 -0.00128368 -0.0170075 0.999855 0.777025
0.475785 -0.879427 -0.0153896 157.866 0.879561 0.475725 0.00758443 126.74 0.000651267 -0.0171446 0.999853 0.758069
0.483728 -0.875065 -0.0163761 158.832 0.875214 0.483697 0.00609663 128.63 0.0025861 -0.0172817 0.999847 0.73911
0.491628 -0.870632 -0.0173904 159.798 0.870794 0.491627 0.0046278 130.52 0.00452048 -0.0174186 0.999838 0.720152
0.505455 -0.862776 -0.011522 160.763 0.862853 0.505396 0.00779032 132.285 -0.000898152 -0.0138794 0.999903 0.716566
0.518523 -0.855051 0.00457474 161.763 0.854998 0.518542 0.00964936 133.925 -0.0106229 -0.00109202 0.999943 0.731535
0.518562 -0.855031 0.0039838 162.757 0.854904 0.518557 0.0154322 135.582 -0.0152609 -0.00459682 0.999873 0.720295
0.518033 -0.85525 -0.0137639 163.733 0.855344 0.517854 0.0146385 137.28 -0.00539191 -0.0193561 0.999798 0.69964
0.50999 -0.860089 -0.0125589 164.744 0.860174 0.50999 0.00343037 138.992 0.0034545 -0.0125523 0.999915 0.684501
0.498949 -0.866598 0.00759263 165.767 0.865979 0.498894 0.0344371 140.794 -0.0336311 -0.0106073 0.999378 0.68828
0.490949 -0.871188 -0.000545357 166.765 0.871014 0.490839 0.0202816 142.536 -0.0174014 -0.0104322 0.999794 0.672138
0.486253 -0.873564 0.0210857 167.831 0.873581 0.486541 0.011568 144.254 -0.0203644 0.0127951 0.999711 0.681882
0.483196 -0.875056 0.0282583 168.873 0.875386 0.483423 0.00139168 146.004 -0.0148785 0.0240645 0.9996 0.715599
0.480512 -0.87597 0.0422386 169.91 0.876742 0.48096 0.000508539 147.788 -0.0207606 0.036788 0.999107 0.728041
0.479536 -0.87643 0.0437582 170.92 0.877387 0.479741 -0.00637946 149.558 -0.0154014 0.041452 0.999022 0.732414
0.480078 -0.876568 0.0339564 171.885 0.877226 0.479722 -0.0184972 151.295 -7.55899e-05 0.0386675 0.999252 0.739612
0.478478 -0.876823 0.0473222 172.831 0.877889 0.478849 -0.00388655 152.979 -0.0192524 0.0434032 0.998872 0.761291
0.471443 -0.880091 0.0564052 173.7 0.881526 0.472135 -0.00119875 154.533 -0.0255758 0.0502877 0.998407 0.752718
0.443445 -0.894325 0.0594947 174.448 0.896186 0.443477 -0.0133971 155.95 -0.0144032 0.0592592 0.998139 0.72759
0.384614 -0.920902 0.0633366 175.074 0.923003 0.38455 -0.0136832 157.353 -0.0117552 0.0637226 0.997898 0.698822
0.255822 -0.964952 0.0585036 175.652 0.966723 0.255434 -0.0141494 159.227 -0.00129034 0.0601765 0.998187 0.687711
0.0130225 -0.999866 0.00989752 175.768 0.999833 0.0128941 -0.0129299 161.508 0.0128006 0.0100642 0.999867 0.703295
-0.214881 -0.976435 -0.0200138 175.412 0.976608 -0.214994 0.00365511 163.202 -0.00787184 -0.0187603 0.999793 0.707733
-0.425109 -0.904081 -0.0438264 174.711 0.904454 -0.426175 0.0183748 164.721 -0.03529 -0.0318277 0.99887 0.680646
-0.6206 -0.783854 -0.0206827 173.755 0.783807 -0.620885 0.0121991 166.042 -0.0224039 -0.00864042 0.999712 0.606567
-0.761901 -0.647359 -0.0207961 172.399 0.647383 -0.762137 0.0064647 167.244 -0.0200345 -0.00853761 0.999763 0.550524
-0.840603 -0.541393 -0.0167251 170.738 0.541494 -0.840702 -0.00190979 168.343 -0.0130269 -0.0106619 0.999858 0.49504
-0.870059 -0.492638 -0.0174538 169.328 0.492854 -0.870037 -0.0114112 169.127 -0.00956392 -0.0185306 0.999783 0.465533
-0.880395 -0.473995 -0.0152802 167.789 0.474207 -0.880262 -0.0163413 169.944 -0.00570481 -0.0216328 0.99975 0.436106
-0.881949 -0.471073 -0.0159941 166.105 0.471292 -0.881849 -0.0150536 170.836 -0.00701307 -0.0208144 0.999759 0.410591
-0.881799 -0.471521 -0.00995681 164.268 0.471619 -0.881704 -0.0131834 171.752 -0.00256272 -0.0163209 0.999864 0.362084
-0.881921 -0.471334 -0.00769948 162.946 0.471397 -0.881809 -0.014032 172.357 -0.000175719 -0.0160046 0.999872 0.31275
-0.88143 -0.472251 -0.00775246 161.549 0.472314 -0.881334 -0.0130666 173.025 -0.000661786 -0.0151789 0.999885 0.277327
-0.880554 -0.473916 -0.00541918 160.108 0.473946 -0.880515 -0.00825693 173.753 -0.000858583 -0.00983907 0.999951 0.269657
-0.879879 -0.475156 -0.00628484 158.612 0.475188 -0.879867 -0.00540313 174.518 -0.0029625 -0.00774058 0.999966 0.264429
-0.879418 -0.475883 -0.0126229 157.071 0.475904 -0.879496 0.00142786 175.322 -0.0117813 -0.00475162 0.999919 0.25829
-0.879807 -0.475199 -0.0112393 155.532 0.475217 -0.879868 0.00121722 176.121 -0.0104675 -0.00427018 0.999936 0.24503
-0.881609 -0.471959 -0.00454887 153.995 0.471957 -0.88162 0.00146887 176.923 -0.00470362 -0.000851902 0.999989 0.233941
-0.8844 -0.466579 -0.0118786 152.441 0.466483 -0.884473 0.0100006 177.73 -0.0151724 0.00330332 0.999879 0.228248
-0.886882 -0.461791 -0.0137287 150.898 0.46159 -0.886957 0.0155527 178.55 -0.0193588 0.00745642 0.999785 0.19613
-0.888845 -0.458089 -0.010428 149.361 0.457964 -0.888885 0.0123506 179.383 -0.014927 0.00620208 0.999869 0.150801
-0.890377 -0.455143 -0.00858529 147.817 0.455057 -0.890403 0.0102597 180.194 -0.012314 0.00522821 0.999911 0.1098
-0.891162 -0.453589 -0.00930992 146.25 0.453599 -0.891205 0.00113323 180.999 -0.00881107 -0.00321308 0.999956 0.0705704
-0.891058 -0.453832 -0.00723489 144.688 0.453869 -0.891057 -0.00456026 181.802 -0.00437711 -0.00734714 0.999963 0.055699
-0.889352 -0.457154 -0.00794224 143.147 0.457195 -0.889356 -0.00435937 182.611 -0.00507057 -0.00750816 0.999959 0.0629145
-0.887435 -0.460866 -0.00780755 141.627 0.460884 -0.887461 -0.000495717 183.434 -0.00670043 -0.00403829 0.999969 0.0565228
-0.885859 -0.46393 -0.00471351 140.13 0.46387 -0.885847 0.00998167 184.251 -0.00880625 0.0066559 0.999939 0.0476158
-0.884114 -0.467259 -0.00340302 138.64 0.467223 -0.884103 0.0080394 185.042 -0.00676511 0.00551778 0.999962 0.0488608
-0.883845 -0.467768 -0.00325776 137.171 0.467671 -0.883768 0.0153945 185.846 -0.0100801 0.0120828 0.999876 0.0590464
-0.884706 -0.466025 -0.0108126 135.703 0.465845 -0.884728 0.0156759 186.621 -0.0168716 0.00883159 0.999819 0.0761743
-0.887159 -0.461389 -0.00830252 134.256 0.461287 -0.887173 0.0117632 187.382 -0.0127932 0.00660594 0.999896 0.09251
-0.890862 -0.454252 -0.00450388 132.817 0.454212 -0.89086 0.00774768 188.123 -0.00753172 0.0048564 0.99996 0.110081
-0.8953 -0.445423 -0.00611132 131.372 0.445403 -0.89532 0.00433196 188.848 -0.00740114 0.0011564 0.999972 0.117339
-0.899202 -0.437363 -0.0122059 129.93 0.437371 -0.899278 0.00215366 189.545 -0.0119185 -0.00340195 0.999923 0.12896
-0.902243 -0.430875 -0.0174174 128.497 0.431013 -0.902332 -0.00490985 190.204 -0.0136007 -0.011937 0.999836 0.143352
-0.903719 -0.427651 -0.0201494 127.092 0.427955 -0.903688 -0.014265 190.843 -0.0121083 -0.0215146 0.999695 0.156553
-0.904451 -0.425829 -0.0252865 125.056 0.426362 -0.904291 -0.0217595 191.773 -0.0136006 -0.0304616 0.999443 0.189116
-0.903545 -0.427476 -0.0295005 123.145 0.428236 -0.903244 -0.027651 192.654 -0.014826 -0.0376171 0.999182 0.217332
-0.900007 -0.434697 -0.032043 121.362 0.435595 -0.899634 -0.030255 193.498 -0.0156752 -0.0411874 0.999028 0.239895
-0.896294 -0.442587 -0.0278299 119.71 0.443279 -0.895958 -0.0276349 194.313 -0.0127036 -0.0371054 0.999231 0.248411
-0.891212 -0.45257 -0.0303476 118.181 0.45336 -0.890887 -0.0280321 195.067 -0.0143497 -0.0387409 0.999146 0.257267
-0.88515 -0.464332 -0.0300756 116.813 0.465071 -0.884907 -0.0254906 195.782 -0.0147779 -0.0365503 0.999223 0.272792
-0.876351 -0.480513 -0.0334286 115.204 0.4813 -0.876293 -0.0214636 196.653 -0.0189797 -0.0348988 0.999211 0.283151
-0.865375 -0.500213 -0.0302166 113.864 0.500799 -0.865413 -0.0161527 197.437 -0.01807 -0.0291106 0.999413 0.294741
-0.852861 -0.521382 -0.0280894 112.582 0.521868 -0.852915 -0.0137609 198.233 -0.0167832 -0.0263951 0.999511 0.311209
-0.843981 -0.536371 -0.0016294 111.312 0.536259 -0.843735 -0.0231783 199.137 0.0110574 -0.0204358 0.99973 0.352955
-0.793569 -0.608478 -0.00113902 110.058 0.60832 -0.793317 -0.0243805 200.062 0.0139314 -0.0200405 0.999702 0.367959
-0.703384 -0.710808 -0.00157901 109.105 0.710755 -0.7033 -0.0140187 201.014 0.00885409 -0.0109828 0.9999 0.377545
-0.529829 -0.847992 -0.0138023 108.202 0.848063 -0.529895 0.00131725 202.348 -0.00843077 -0.0110073 0.999904 0.385639
-0.266058 -0.963952 -0.00320169 107.634 0.963947 -0.266069 0.00364677 204.061 -0.00436718 -0.00211601 0.999988 0.374001
0.0504799 -0.998714 0.00467658 107.619 0.998713 0.0505018 0.00467974 206.166 -0.00490989 0.00443433 0.999978 0.358156
0.260573 -0.965414 0.00877227 108.086 0.965454 0.260559 -0.0027481 208.082 0.000367356 0.00918531 0.999958 0.349487
0.369776 -0.929052 0.0113386 108.705 0.929109 0.369805 0.000461552 209.651 -0.00462187 0.0103641 0.999936 0.35633
0.431059 -0.902127 0.0188275 109.52 0.902294 0.43112 -0.000897176 211.306 -0.00730754 0.0173747 0.999822 0.352775
0.459306 -0.888058 0.0197701 110.45 0.888252 0.45935 -0.00249564 213.076 -0.00686512 0.0187071 0.999801 0.341809
0.47175 -0.881487 0.020807 111.477 0.881715 0.471756 -0.0049235 214.951 -0.00547585 0.0206685 0.999771 0.332712
0.474581 -0.879934 0.0221163 112.202 0.88017 0.474654 -0.00213675 216.273 -0.0086174 0.0204802 0.999753 0.325932
0.474788 -0.879747 0.0249332 112.963 0.880014 0.474947 0.000508494 217.656 -0.0122893 0.0217001 0.999689 0.309087
0.471911 -0.881305 0.0245158 113.749 0.881613 0.471952 -0.00446294 219.084 -0.00763705 0.0237195 0.999689 0.280547
0.470599 -0.882195 0.0163944 114.552 0.882344 0.470466 -0.0114425 220.559 0.0023815 0.0198504 0.9998 0.256472
0.470532 -0.882218 0.0170827 115.385 0.882377 0.470514 -0.00529489 222.094 -0.00336638 0.0175648 0.99984 0.245498
0.470648 -0.881915 0.0267536 116.247 0.882114 0.470978 0.00739866 223.676 -0.0191254 0.0201176 0.999615 0.233213
0.469408 -0.882506 0.028987 117.128 0.882915 0.469523 -0.00311212 225.28 -0.0108636 0.0270539 0.999575 0.202123
0.467529 -0.883618 0.0252047 118.023 0.883976 0.467283 -0.0152755 226.926 0.00171995 0.0294221 0.999566 0.179739
0.466187 -0.884387 0.0230096 118.936 0.884685 0.46599 -0.013597 228.635 0.00130273 0.0266949 0.999643 0.181061
0.465966 -0.884385 0.0271831 119.873 0.88472 0.466122 -0.000638478 230.393 -0.012106 0.0243469 0.99963 0.179825
0.467069 -0.883702 0.0302945 120.844 0.884098 0.467301 0.000628198 232.161 -0.0147118 0.0264899 0.999541 0.16387
0.46722 -0.883683 0.0284524 121.822 0.884119 0.467193 -0.0079988 233.944 -0.00622433 0.0288925 0.999563 0.147135
0.46633 -0.884127 0.0292493 122.812 0.884598 0.466248 -0.00999609 235.761 -0.00479959 0.0305353 0.999522 0.142843
0.463529 -0.885436 0.0338053 123.816 0.886012 0.463634 -0.00513625 237.608 -0.0111255 0.0323327 0.999415 0.134697
0.460533 -0.886994 0.033937 124.814 0.887633 0.460373 -0.0128502 239.458 -0.00422562 0.0360415 0.999341 0.121849
0.458285 -0.888292 0.0302068 125.811 0.888803 0.457944 -0.0177795 241.319 0.00196033 0.034996 0.999386 0.129594
0.455683 -0.88963 0.0301806 126.809 0.890135 0.455551 -0.0115109 243.202 -0.00350834 0.0321101 0.999478 0.140067
0.453183 -0.890875 0.0311115 127.803 0.891339 0.453329 -0.00257761 245.085 -0.0118074 0.0288991 0.999513 0.143756
0.452474 -0.891307 0.0289749 128.785 0.891696 0.452634 -0.00113267 246.949 -0.0121055 0.0263493 0.999579 0.133344
0.452978 -0.891118 0.0268205 129.757 0.891495 0.452991 -0.00594587 248.795 -0.00685097 0.0266037 0.999623 0.12521
0.452841 -0.891236 0.0251599 130.727 0.891591 0.452696 -0.0115135 250.63 -0.00112856 0.0276461 0.999617 0.126915
0.453648 -0.890838 0.0247417 131.687 0.891163 0.45364 -0.00622457 252.465 -0.00567875 0.0248726 0.999674 0.140352
0.454389 -0.89051 0.0228459 132.634 0.890763 0.454464 -0.0021297 254.29 -0.00848613 0.021318 0.999737 0.149683
0.455363 -0.89 0.0233519 133.577 0.890146 0.455622 0.00700753 256.119 -0.0168763 0.0175956 0.999703 0.141623
0.456398 -0.889623 0.0164622 134.517 0.889682 0.45654 0.00605788 257.941 -0.0129049 0.0118813 0.999846 0.118214
0.457365 -0.889237 0.00868895 135.457 0.889263 0.457394 0.00159577 259.756 -0.00539329 0.00699691 0.999961 0.10071
0.458257 -0.888816 0.00249706 136.397 0.888815 0.458262 0.00197577 261.573 -0.0029004 0.00131401 0.999995 0.0981013
0.458121 -0.888884 0.00315083 137.348 0.888867 0.458132 0.00554635 263.395 -0.00637356 0.000259772 0.99998 0.0992939
0.457393 -0.889248 0.0054202 138.323 0.889219 0.457422 0.00734647 265.212 -0.00901216 0.00145952 0.999958 0.0950793
0.458241 -0.888815 0.00473584 139.299 0.888786 0.458265 0.00730331 267.043 -0.00866156 0.000862467 0.999962 0.085384
0.459574 -0.888124 0.00532193 140.286 0.888099 0.459602 0.00682182 268.889 -0.00850459 0.00159127 0.999963 0.0763752
0.460496 -0.887648 0.00488381 141.277 0.887609 0.460522 0.00832303 270.757 -0.00963703 0.000502193 0.999953 0.0732419
0.461412 -0.887183 0.00216944 142.274 0.887176 0.461417 0.0036428 272.635 -0.00423285 0.00024384 0.999991 0.0712896
0.461401 -0.887186 0.00314784 143.277 0.887185 0.461409 0.00226964 274.542 -0.00346603 0.0017455 0.999992 0.0789117
0.461909 -0.886908 0.00585589 144.28 0.886854 0.461946 0.00983695 276.466 -0.0114296 0.000649539 0.999934 0.0958154
0.462604 -0.886526 0.00824882 145.28 0.886431 0.462676 0.0130784 278.389 -0.0154109 0.0012619 0.99988 0.101202
0.462647 -0.886466 0.0116945 146.28 0.886429 0.462758 0.00988337 280.294 -0.014173 0.00579381 0.999883 0.102324
0.46232 -0.886625 0.0124985 147.277 0.886661 0.4624 0.00427769 282.19 -0.00957202 0.00910431 0.999913 0.105028
0.461959 -0.886723 0.017791 148.271 0.886795 0.462121 0.00620934 284.087 -0.0137276 0.0129085 0.999822 0.109363
0.461429 -0.88682 0.0251537 149.251 0.886967 0.461751 0.00866389 285.992 -0.019298 0.0183127 0.999646 0.11193
0.46117 -0.886899 0.027068 150.221 0.887231 0.461326 -0.000532527 287.867 -0.0120149 0.0242612 0.999633 0.106604
0.460439 -0.887217 0.0290337 151.187 0.88762 0.460571 -0.00235667 289.72 -0.0112812 0.026856 0.999576 0.112093
0.458493 -0.888015 0.0348438 152.134 0.88855 0.45878 0.000270503 291.541 -0.0162258 0.0308364 0.999393 0.122115
0.456576 -0.88877 0.0403215 153.065 0.889447 0.457032 0.00239602 293.328 -0.0205577 0.0347699 0.999184 0.121192
0.45478 -0.889611 0.0420368 153.979 0.890427 0.455123 -0.00158294 295.084 -0.0177237 0.0381506 0.999115 0.115591
0.453086 -0.890579 0.0397707 154.861 0.891334 0.453338 -0.00293218 296.814 -0.0154183 0.0367775 0.999205 0.109751
0.451808 -0.891246 0.039374 155.719 0.891965 0.452102 -0.00158739 298.504 -0.0163863 0.0358374 0.999223 0.10871
0.451037 -0.891778 0.0360273 156.549 0.892355 0.451334 0.000135891 300.156 -0.0163815 0.0320879 0.999351 0.109383
0.45158 -0.891575 0.0342038 157.354 0.892132 0.451769 -0.00242336 301.747 -0.0132916 0.0316087 0.999412 0.100543
0.454048 -0.890342 0.0336472 158.136 0.89086 0.454276 -0.000953774 303.285 -0.0144359 0.030408 0.999433 0.100281
0.456844 -0.888746 0.0377345 158.898 0.889396 0.457136 -0.000973295 304.746 -0.0163848 0.0340056 0.999287 0.106783
0.459667 -0.887111 0.0417116 159.635 0.887882 0.460071 0.000110338 306.126 -0.0192882 0.0369843 0.99913 0.12391
0.462227 -0.885723 0.0429183 160.328 0.886472 0.462771 0.00317594 307.425 -0.0226744 0.0365779 0.999074 0.132036
0.466024 -0.883899 0.0393079 161.278 0.884649 0.46624 -0.00403598 309.203 -0.0147595 0.0366545 0.999219 0.146627
0.468467 -0.882632 0.0387192 162.14 0.883361 0.468675 -0.00407554 310.811 -0.0145495 0.0361123 0.999242 0.15693
0.463349 -0.885317 0.0390008 162.905 0.886002 0.463681 -0.000603657 312.24 -0.0175495 0.0348345 0.999239 0.182373
0.427664 -0.903334 0.0330235 163.722 0.903906 0.42767 -0.00723413 313.926 -0.00758832 0.0329439 0.999428 0.208526
0.340244 -0.939892 0.0289436 164.334 0.940279 0.340404 0.00062487 315.58 -0.0104398 0.0270025 0.999581 0.246183
0.184107 -0.982569 0.0257416 164.683 0.982826 0.184364 0.00794782 317.259 -0.0125551 0.0238363 0.999637 0.291546
-0.0729035 -0.997274 0.0114076 164.646 0.997043 -0.0725982 0.0252044 319.368 -0.0243075 0.0132113 0.999617 0.322854
-0.30952 -0.950733 0.0174434 164.197 0.950281 -0.30861 0.0415457 321.145 -0.0341156 0.0294354 0.998984 0.30637
-0.488789 -0.871855 0.0308994 163.552 0.872018 -0.487215 0.0469685 322.447 -0.0258951 0.0499025 0.998418 0.274713
-0.656495 -0.753544 0.0344337 162.606 0.754308 -0.655437 0.0377101 323.614 -0.00584712 0.0507301 0.998695 0.277657
-0.790915 -0.611137 0.0310708 161.38 0.611912 -0.78953 0.0469775 324.656 -0.00417835 0.0561678 0.998413 0.287439
-0.870291 -0.492524 0.00373887 159.875 0.492426 -0.869906 0.0279225 325.483 -0.0105 0.0261418 0.999603 0.314171
-0.902676 -0.43011 -0.0134267 158.22 0.429691 -0.902605 0.0258867 326.272 -0.0232532 0.017598 0.999575 0.321109
-0.910732 -0.412947 0.00639503 156.506 0.412979 -0.910727 0.00488652 327.03 0.00380626 0.00709133 0.999968 0.315308
-0.909863 -0.414843 0.00735707 154.683 0.414907 -0.909757 0.0139115 327.876 0.000922073 0.0157101 0.999876 0.345439
-0.908533 -0.417802 0.0029648 152.762 0.417812 -0.908497 0.00813072 328.749 -0.00070352 0.00862575 0.999963 0.373304
-0.903386 -0.428828 0.00055057 150.742 0.428826 -0.903384 -0.00234893 329.672 0.00150466 -0.00188589 0.999997 0.398798
-0.899627 -0.4366 -0.00712574 149.328 0.436631 -0.899634 -0.00347465 330.35 -0.00489352 -0.00623721 0.999969 0.41857
-0.896773 -0.4424 -0.00900431 147.865 0.442454 -0.896777 -0.00512515 331.061 -0.00580749 -0.00858008 0.999946 0.427314
-0.893803 -0.448435 -0.00478643 146.358 0.44845 -0.893804 -0.00267681 331.826 -0.00307775 -0.00453901 0.999985 0.424042
-0.890886 -0.454042 -0.0129693 144.79 0.45405 -0.890973 0.00251356 332.628 -0.0126966 -0.00364943 0.999913 0.420136
-0.888194 -0.459129 -0.0176841 143.202 0.459051 -0.888369 0.00849628 333.462 -0.0196109 -0.000571546 0.999808 0.409369
-0.88596 -0.463506 -0.0153738 141.6 0.463517 -0.886083 0.00305959 334.303 -0.0150406 -0.00441535 0.999877 0.398559
-0.885261 -0.464975 -0.0105085 139.984 0.464978 -0.885319 0.00224514 335.164 -0.0103473 -0.0028987 0.999942 0.391983
-0.885736 -0.464047 -0.011537 138.348 0.464031 -0.885809 0.00413634 336.03 -0.0121391 -0.00168983 0.999925 0.393207
-0.886748 -0.462057 -0.0134728 136.717 0.462045 -0.886847 0.00417013 336.889 -0.0138751 -0.00252718 0.999901 0.390369
-0.88779 -0.459959 -0.0163142 135.087 0.46 -0.887918 0.0013704 337.737 -0.015116 -0.00628792 0.999866 0.387175
-0.888734 -0.458122 -0.0166193 133.468 0.458181 -0.888859 0.000251917 338.585 -0.0148876 -0.00739078 0.999862 0.386479
-0.890715 -0.454379 -0.012873 131.85 0.454422 -0.890786 -0.000484482 339.428 -0.0112469 -0.00628129 0.999917 0.37978
-0.893927 -0.447779 -0.019724 130.223 0.447854 -0.894106 0.000682468 340.258 -0.017941 -0.00822341 0.999805 0.375846
-0.897014 -0.441356 -0.0238768 128.598 0.441574 -0.897214 -0.00446729 341.062 -0.0194509 -0.0145506 0.999705 0.373514
-0.899294 -0.436868 -0.020405 126.982 0.437123 -0.899345 -0.0101237 341.852 -0.0139284 -0.0180237 0.999741 0.36598
-0.900588 -0.434363 -0.0164253 125.369 0.434536 -0.900611 -0.00887678 342.646 -0.010937 -0.0151317 0.999826 0.366283
-0.900535 -0.43424 -0.0217454 123.757 0.434463 -0.900665 -0.00664508 343.438 -0.0166997 -0.0154317 0.999741 0.378401
-0.898637 -0.438353 -0.0172936 122.161 0.438569 -0.898622 -0.0116325 344.226 -0.0104413 -0.0180378 0.999783 0.382716
-0.895207 -0.445119 -0.0217618 120.567 0.445448 -0.895205 -0.0135573 345.02 -0.0134467 -0.0218304 0.999671 0.390658
-0.890672 -0.45396 -0.024984 118.985 0.454357 -0.890722 -0.0132355 345.824 -0.0162454 -0.0231402 0.9996 0.391602
-0.885901 -0.46315 -0.0258892 117.424 0.463542 -0.885998 -0.0116716 346.643 -0.017532 -0.0223406 0.999597 0.387909
-0.881019 -0.472517 -0.0230866 115.882 0.472855 -0.881057 -0.0120879 347.471 -0.0146289 -0.0215663 0.99966 0.387765
-0.876095 -0.481686 -0.0209078 114.354 0.482001 -0.876058 -0.0140302 348.301 -0.0115583 -0.0223694 0.999683 0.395386
-0.871109 -0.490585 -0.0222461 112.839 0.490917 -0.871108 -0.0130514 349.151 -0.012976 -0.0222902 0.999667 0.401679
-0.866569 -0.498372 -0.0261442 111.337 0.498761 -0.86667 -0.0109691 350.013 -0.0171917 -0.0225452 0.999598 0.403653
-0.863306 -0.50404 -0.0254325 109.868 0.504321 -0.863497 -0.00576884 350.881 -0.0190532 -0.0178064 0.99966 0.406059
-0.861555 -0.507279 -0.0197686 108.457 0.507424 -0.861692 -0.00279858 351.722 -0.0156148 -0.0124422 0.999801 0.408122
-0.860845 -0.508586 -0.0169159 107.113 0.508642 -0.860977 0.00115155 352.527 -0.0151499 -0.00761284 0.999856 0.417039
-0.861432 -0.507727 -0.0121912 105.841 0.507721 -0.861513 0.00381139 353.29 -0.012438 -0.00290648 0.999918 0.428636
-0.866256 -0.499459 -0.0118802 104.072 0.499336 -0.866326 0.0119498 354.336 -0.0162606 0.0044194 0.999858 0.451444
-0.874914 -0.4842 -0.00870785 102.466 0.484059 -0.874917 0.0144099 355.246 -0.0145959 0.00839227 0.999858 0.464747
-0.88559 -0.464413 -0.00712091 100.891 0.464285 -0.885567 0.0145008 356.089 -0.0130404 0.00953566 0.99987 0.479539
-0.895323 -0.445401 -0.00371668 99.3223 0.445357 -0.895309 0.0089288 356.879 -0.00730447 0.00633892 0.999953 0.499274
-0.903468 -0.428635 0.00409223 97.7607 0.428652 -0.903454 0.00529472 357.64 0.00142764 0.00653776 0.999978 0.514127
-0.909786 -0.415052 0.00464871 96.1484 0.415059 -0.909794 0.00059666 358.384 0.00398173 0.00247232 0.999989 0.539546
-0.914473 -0.404615 0.00503125 94.4736 0.404594 -0.914484 -0.00475122 359.131 0.00652341 -0.00230925 0.999976 0.566805
-0.916278 -0.400493 0.00627489 92.738 0.400442 -0.916287 -0.00796731 359.897 0.00894045 -0.00478755 0.999949 0.588611
-0.916046 -0.401041 -0.00511291 90.9016 0.401069 -0.91602 -0.00713635 360.7 -0.00182156 -0.00858786 0.999961 0.604597
-0.91326 -0.406104 -0.0321616 88.9345 0.406396 -0.913692 -0.00283869 361.554 -0.028233 -0.0156628 0.999479 0.59401
-0.908946 -0.41685 -0.00728504 86.912 0.416905 -0.908676 -0.0223256 362.458 0.00268667 -0.0233299 0.999724 0.555154
-0.904845 -0.424273 -0.0353351 85.4521 0.424838 -0.905214 -0.010027 363.138 -0.0277317 -0.0240845 0.999325 0.540297
-0.901803 -0.431014 -0.0312978 83.9784 0.431434 -0.90211 -0.00788621 363.847 -0.024835 -0.0206148 0.999479 0.510113
-0.898832 -0.438244 -0.00652552 82.4774 0.438273 -0.898552 -0.0228195 364.571 0.00413701 -0.0233709 0.999718 0.473344
-0.894364 -0.446646 -0.0248953 80.8809 0.447225 -0.894009 -0.0271545 365.34 -0.0101282 -0.0354198 0.999321 0.470312
-0.888308 -0.45855 -0.0253069 79.2599 0.459201 -0.887657 -0.0346421 366.149 -0.00657872 -0.0423938 0.999079 0.458331
-0.881778 -0.471664 -8.38432e-05 77.6362 0.471344 -0.881173 -0.0370089 367.02 0.0173819 -0.0326732 0.999315 0.453771
-0.875011 -0.483993 -0.0103112 75.9481 0.484099 -0.874719 -0.0227069 367.949 0.00197063 -0.0248604 0.999689 0.48393
-0.86916 -0.494126 -0.0200032 74.2364 0.494409 -0.869133 -0.0129572 368.901 -0.0109829 -0.0211516 0.999716 0.487409
-0.866416 -0.49919 -0.0114999 72.5303 0.499314 -0.866307 -0.014069 369.871 -0.00293936 -0.0179317 0.999835 0.478837
-0.865846 -0.5002 -0.0104854 70.8078 0.50029 -0.865811 -0.00907497 370.866 -0.00453904 -0.0131033 0.999904 0.495645
-0.866948 -0.498178 -0.0147787 69.0721 0.498324 -0.866949 -0.00848032 371.854 -0.00858763 -0.0147166 0.999855 0.508138
-0.869865 -0.492912 -0.0192828 67.3291 0.4931 -0.869949 -0.0063545 372.842 -0.0136429 -0.0150359 0.999794 0.51254
-0.873144 -0.487456 -0.00232883 65.6146 0.487459 -0.873114 -0.00742161 373.825 0.00158437 -0.00761535 0.99997 0.506943
-0.876523 -0.48136 -0.00101836 63.8894 0.481358 -0.876523 0.00162108 374.809 -0.00167294 0.000930715 0.999998 0.51035
-0.87903 -0.476691 -0.00852585 62.1548 0.476665 -0.879071 0.00491279 375.765 -0.00983671 0.00025451 0.999952 0.515128
-0.881082 -0.472915 -0.00679908 60.4389 0.472951 -0.881071 -0.00554831 376.679 -0.0033666 -0.00810415 0.999961 0.520457
-0.883069 -0.469226 -0.00406244 58.7265 0.469243 -0.88303 -0.00830904 377.596 0.000311559 -0.00924373 0.999957 0.533223
-0.885014 -0.465499 -0.00776009 57.0157 0.465516 -0.885039 -0.000466071 378.519 -0.00665103 -0.00402493 0.99997 0.548871
-0.887827 -0.459901 -0.0159281 55.302 0.459828 -0.88797 0.00822038 379.43 -0.0179242 -2.58964e-05 0.999839 0.552453
-0.890881 -0.454121 -0.0102793 53.6016 0.454135 -0.890932 0.00104683 380.307 -0.00963357 -0.00373561 0.999947 0.539107
-0.893121 -0.449789 -0.00487019 51.9016 0.449804 -0.893124 -0.00238294 381.173 -0.00327787 -0.00431888 0.999985 0.533907
-0.894468 -0.446946 -0.0129038 50.1918 0.446928 -0.894559 0.00439014 382.041 -0.0135054 -0.00184025 0.999907 0.540324
