0.477284 -0.878556 0.0184031 0.681433 0.878745 0.477243 -0.00686302 0.552625 -0.00275319 0.0194472 0.999807 0.791128
0.475279 -0.879735 0.0132865 1.51784 0.879834 0.475243 -0.00596925 2.14158 -0.00106295 0.014527 0.999894 0.794393
0.472458 -0.881232 0.014634 2.3652 0.881346 0.472454 -0.0039033 3.74251 -0.0034742 0.0147418 0.999885 0.807842
0.469723 -0.882668 0.0160262 3.22056 0.882808 0.469707 -0.00500872 5.36064 -0.00310658 0.0165008 0.999859 0.814698
0.468434 -0.883343 0.0165918 4.08334 0.883487 0.468439 -0.00380849 7.0074 -0.00440805 0.0164427 0.999855 0.822593
0.468554 -0.883258 0.0176462 4.94127 0.883368 0.468671 0.00294806 8.66044 -0.0108741 0.0142067 0.99984 0.830084
0.471242 -0.881701 0.0231073 5.82785 0.881878 0.471456 0.00453177 10.3307 -0.0148898 0.0182423 0.999723 0.823662
0.473782 -0.880395 0.020881 6.71214 0.8806 0.473858 -0.00146948 12.0145 -0.00860089 0.019084 0.999781 0.812116
0.475393 -0.879602 0.01738 7.62187 0.879753 0.475424 -0.00255452 13.7137 -0.00601589 0.0165045 0.999846 0.812604
0.474628 -0.879775 0.0268926 8.54661 0.880067 0.474845 0.00194949 15.4272 -0.014485 0.0227421 0.999636 0.807851
0.472477 -0.88051 0.0382951 9.47903 0.881272 0.472543 -0.00789037 17.1463 -0.0111485 0.0374765 0.999235 0.800836
0.469334 -0.882421 0.032547 10.4073 0.882996 0.469277 -0.00984299 18.9144 -0.00658789 0.0333585 0.999422 0.786057
0.467208 -0.883602 0.0310592 11.3314 0.884085 0.467305 -0.00449883 20.6931 -0.0105389 0.0295608 0.999507 0.791666
0.464852 -0.885054 0.0243437 12.2476 0.885278 0.465052 0.00298279 22.5074 -0.013961 0.0201644 0.999699 0.773245
0.464789 -0.885095 0.0240387 13.1889 0.885194 0.465114 0.0100537 24.3245 -0.0200792 0.016606 0.999661 0.779486
0.464432 -0.885322 0.0225176 14.0909 0.885419 0.464709 0.00887827 26.1078 -0.0183242 0.0158141 0.999707 0.747184
0.464022 -0.88559 0.0203382 14.9365 0.885686 0.464232 0.00696705 27.8293 -0.0156116 0.0147804 0.999769 0.719945
0.461979 -0.886615 0.0221208 15.8835 0.886713 0.462242 0.0084986 29.6204 -0.0177602 0.0156886 0.999719 0.724054
0.460517 -0.887322 0.0241505 16.7463 0.887574 0.460664 0.000594687 31.3377 -0.011653 0.0211615 0.999708 0.693717
0.460555 -0.887493 0.0156461 17.6698 0.887555 0.460675 0.00500223 33.1213 -0.0116472 0.0115829 0.999865 0.734668
0.459576 -0.887826 0.0235546 18.5258 0.88798 0.459833 0.00671575 34.8253 -0.0167936 0.0178296 0.9997 0.71222
0.459485 -0.887806 0.0259655 19.4456 0.888057 0.459719 0.00357718 36.5436 -0.0151127 0.0214152 0.999656 0.698312
0.458838 -0.888025 0.0296636 20.3314 0.88832 0.459187 0.0058784 38.2629 -0.0188413 0.0236535 0.999543 0.692726
0.456664 -0.888905 0.0361202 21.2402 0.889247 0.457292 0.0111212 40.0166 -0.0264031 0.0270411 0.999286 0.68777
0.454657 -0.89006 0.0328484 22.0644 0.890499 0.454978 0.00263156 41.7218 -0.0172876 0.028055 0.999457 0.637668
0.453625 -0.89094 0.0212396 22.8841 0.891108 0.453782 0.00299311 43.2611 -0.0123048 0.017569 0.99977 0.617555
0.452 -0.891825 0.0185463 23.6942 0.891897 0.452183 0.00704134 44.9341 -0.014666 0.0133587 0.999803 0.645361
0.448052 -0.893846 0.0170001 24.4333 0.893873 0.448234 0.00882882 46.4788 -0.0155116 0.0112402 0.999817 0.656786
0.445776 -0.894875 0.0219733 25.1448 0.894995 0.446016 0.00736257 47.9242 -0.016389 0.016384 0.999731 0.641171
0.444083 -0.895732 0.0213189 25.8755 0.895772 0.444371 0.0112907 49.4447 -0.019587 0.0140829 0.999709 0.652669
0.440172 -0.897556 0.0253391 26.5899 0.897562 0.440614 0.0155511 50.8782 -0.0251227 0.0158982 0.999558 0.632811
0.438157 -0.89865 0.0211247 27.4647 0.898844 0.438268 0.000664828 52.7993 -0.00985571 0.0186965 0.999777 0.604615
0.435284 -0.900205 0.0126157 28.3681 0.900196 0.4354 0.00857229 54.621 -0.0132097 0.00762523 0.999884 0.630813
0.435349 -0.90006 0.0190531 29.2025 0.90026 0.435294 -0.00718743 56.2983 -0.00182457 0.0202818 0.999793 0.652131
0.446173 -0.894875 0.0112997 29.9338 0.894923 0.446217 0.00158419 57.8493 -0.00645979 0.00940558 0.999935 0.657058
0.467409 -0.883616 0.0274246 30.6406 0.883884 0.467686 0.00435631 59.2275 -0.0166754 0.0222039 0.999614 0.677366
0.514416 -0.85739 0.0160654 31.4426 0.857358 0.514603 0.0109981 60.5413 -0.017697 0.00811619 0.999811 0.689279
0.6247 -0.780586 0.0208613 32.538 0.780476 0.625009 0.0148674 61.9067 -0.0246438 0.00699414 0.999672 0.72995
0.759858 -0.64986 0.0172814 33.8297 0.649684 0.760054 0.015144 63.0628 -0.0229762 -0.000279846 0.999736 0.701342
0.898503 -0.438742 0.0140906 35.1789 0.438605 0.898602 0.0118003 63.7611 -0.0178391 -0.00442244 0.999831 0.661843
0.990235 -0.137867 0.0206535 36.923 0.137671 0.990421 0.0106734 64.1527 -0.0219272 -0.00772585 0.99973 0.651413
0.985198 0.170675 0.0159909 39.126 -0.170616 0.985325 -0.00500773 63.9626 -0.016611 0.0022053 0.99986 0.630124
0.94494 0.327019 0.0121122 40.9945 -0.327134 0.944933 0.00919169 63.4641 -0.00843934 -0.0126479 0.999884 0.645723
0.914353 0.404882 -0.00542399 42.5356 -0.404856 0.914365 0.0052855 62.7418 0.00709951 -0.00263688 0.999971 0.645555
0.888527 0.458806 0.00392541 44.2422 -0.458809 0.888535 -0.000315864 61.8072 -0.00363278 -0.00152036 0.999992 0.650488
0.876234 0.481879 -0.00257994 45.6963 -0.481883 0.876202 -0.00762584 61.0024 -0.00141418 0.00792525 0.999968 0.640533
0.867234 0.497891 -0.0031398 47.2002 -0.4979 0.86721 -0.00644732 60.1406 -0.000487193 0.00715465 0.999974 0.634671
0.863782 0.503861 -0.00221076 48.8979 -0.503865 0.863767 -0.00522937 59.1426 -0.00072529 0.00563097 0.999984 0.633111
0.865479 0.500909 -0.00605386 50.6486 -0.500945 0.86543 -0.00923964 58.0931 0.00061097 0.0110294 0.999939 0.639274
0.869844 0.493248 -0.00882398 51.9253 -0.493326 0.869719 -0.0147435 57.3501 0.000402171 0.0171777 0.999852 0.626086
0.87392 0.486042 -0.00520243 53.2804 -0.486068 0.873835 -0.0122547 56.5817 -0.00141024 0.0132384 0.999911 0.613271
0.877396 0.479766 0.000916015 54.6967 -0.479732 0.877353 -0.0104284 55.8302 -0.00580686 0.00871041 0.999945 0.600199
0.880932 0.473243 5.14854e-05 56.1034 -0.473238 0.880923 -0.00446151 55.0865 -0.00215673 0.00390593 0.99999 0.631016
0.881816 0.471546 -0.00674919 57.5321 -0.471557 0.881836 -3.28291e-05 54.3614 0.0059362 0.00321158 0.999977 0.629334
0.882108 0.471046 -0.00106469 59.0291 -0.471034 0.882099 0.00534917 53.592 0.00345887 -0.00421704 0.999985 0.645998
0.88203 0.471182 0.00325057 60.439 -0.471192 0.881992 0.00826737 52.8058 0.00102846 -0.00882371 0.999961 0.655207
0.881963 0.471314 0.00198115 61.9254 -0.471317 0.881942 0.00622593 52.0546 0.00118711 -0.00642479 0.999979 0.687332
0.880781 0.473519 0.00198215 63.442 -0.473511 0.880719 0.0110405 51.2919 0.00348218 -0.0106628 0.999937 0.702999
0.877377 0.479705 0.00966524 64.8377 -0.479801 0.877235 0.015788 50.5487 -0.000905123 -0.0184894 0.999829 0.710717
0.870342 0.492211 0.0152617 66.2429 -0.492433 0.870136 0.0192996 49.762 -0.00378032 -0.0243126 0.999697 0.706975
0.860962 0.508463 0.0144886 67.6126 -0.508662 0.86076 0.0188379 48.9632 -0.00289284 -0.0235886 0.999718 0.726704
0.85012 0.526345 0.0160171 69.0204 -0.526574 0.849927 0.0185502 48.1397 -0.00384953 -0.0242041 0.9997 0.733075
0.837071 0.546853 0.016245 70.3538 -0.547076 0.836912 0.0168879 47.2638 -0.00436041 -0.0230237 0.999725 0.755912
0.825144 0.564716 0.0152816 71.6843 -0.564917 0.824955 0.0178555 46.4178 -0.00252328 -0.0233662 0.999724 0.749622
0.813336 0.581657 0.0126272 72.9456 -0.581794 0.813143 0.017717 45.5338 3.74354e-05 -0.0217563 0.999763 0.777772
0.801189 0.598229 0.0148121 74.091 -0.598412 0.800927 0.0204874 44.6317 0.000392789 -0.025278 0.99968 0.80345
0.791844 0.610594 0.0125459 75.2946 -0.610722 0.791715 0.0143524 43.7121 -0.00116929 -0.019027 0.999818 0.806345
0.786381 0.617558 0.0150539 76.4082 -0.617714 0.786343 0.00971583 42.8387 -0.00583747 -0.0169394 0.999839 0.830421
0.78384 0.620876 0.0103713 77.5307 -0.620913 0.78388 0.000405184 41.9836 -0.00787828 -0.00675728 0.999946 0.872363
0.785595 0.618735 0.00295201 79.0965 -0.618722 0.785599 -0.00427584 40.7351 -0.0049647 0.0015326 0.999987 0.931143
0.799409 0.600785 0.00144752 80.5039 -0.600775 0.799407 -0.00412909 39.6278 -0.00363785 0.0024312 0.99999 0.953637
0.828764 0.559584 -0.00400819 81.8358 -0.559595 0.828762 -0.00259594 38.7029 0.00186919 0.00439439 0.999989 0.921525
0.870812 0.491551 -0.00796857 83.1772 -0.491561 0.870843 0.000687229 37.9885 0.00727718 0.0033186 0.999968 0.954713
0.941447 0.337111 0.00585005 85.0714 -0.337126 0.941458 0.00174207 37.3547 -0.0049203 -0.00361227 0.999981 1.00667
0.994088 0.108577 -0.00075021 86.9927 -0.108579 0.99408 -0.00388852 37.1799 0.000323569 0.00394698 0.999992 1.0617
0.985498 -0.16914 -0.0136162 88.8892 0.169114 0.985592 -0.00305174 37.4823 0.0139362 0.000704789 0.999903 1.06069
0.903009 -0.429621 -0.000536889 90.6626 0.429619 0.903008 -0.00215157 38.1793 0.00140918 0.00171223 0.999998 1.0854
0.789907 -0.6132 0.00576832 92.1686 0.613111 0.789905 0.0120297 39.2275 -0.011933 -0.00596569 0.999911 1.11549
0.728774 -0.684754 0.000662336 93.1973 0.684704 0.728733 0.0113694 40.1786 -0.00826789 -0.00783221 0.999935 1.09379
0.702725 -0.711462 0.000431035 94.227 0.711356 0.702631 0.016786 41.2019 -0.0122455 -0.0114893 0.999859 1.07753
0.700455 -0.713568 -0.0135289 95.3162 0.713686 0.700218 0.0186295 42.3356 -0.00382024 -0.0227045 0.999735 1.05929
0.708797 -0.705143 -0.0194691 96.5242 0.705374 0.708777 0.0091334 43.5424 0.0073589 -0.0202067 0.999769 1.12466
0.718193 -0.69568 -0.015096 97.8223 0.695838 0.718107 0.0114722 44.8609 0.00285959 -0.0187437 0.99982 1.16956
0.724806 -0.688951 -0.00184504 99.1583 0.688929 0.724755 0.0103296 46.1849 -0.0057794 -0.00875807 0.999945 1.14272
0.725501 -0.688181 -0.00737345 100.681 0.688206 0.725515 0.0011481 47.6104 0.00455945 -0.0059074 0.999972 1.12877
0.721395 -0.692469 -0.00872473 102.205 0.692519 0.721382 0.00507108 49.094 0.0027823 -0.00970029 0.999949 1.16585
0.718079 -0.695953 0.00349964 103.263 0.695951 0.718086 0.00186243 50.1309 -0.00380921 0.0010982 0.999992 1.16559
0.714017 -0.700108 -0.0053696 104.375 0.700118 0.714027 0.000117556 51.2218 0.00375174 -0.0038433 0.999986 1.19395
0.709464 -0.704546 -0.016598 105.461 0.704708 0.709464 0.00690755 52.3086 0.00690897 -0.0165974 0.999838 1.15827
0.703908 -0.710224 -0.00981169 106.626 0.710285 0.703895 0.00529859 53.4267 0.00314321 -0.0106988 0.999938 1.22168
0.701795 -0.712343 -0.00711121 107.79 0.712379 0.701768 0.00615173 54.6081 0.000608277 -0.00938313 0.999956 1.21567
0.702956 -0.711214 -0.00519534 108.96 0.711233 0.702931 0.00602118 55.8205 -0.000630386 -0.00792772 0.999968 1.18618
0.703547 -0.710332 -0.021215 110.122 0.71064 0.703378 0.0158536 57.0333 0.00366088 -0.02623 0.999649 1.18941
0.70778 -0.706063 -0.0228718 111.325 0.706432 0.70748 0.0206432 58.2746 0.0016059 -0.0307682 0.999525 1.21478
0.711148 -0.702721 -0.0212452 112.539 0.703036 0.710941 0.0173853 59.5056 0.00288712 -0.0272997 0.999623 1.24242
0.710896 -0.703061 -0.0182371 113.764 0.703284 0.710804 0.0122415 60.7078 0.00435651 -0.0215283 0.999759 1.25066
0.713377 -0.700543 -0.0182236 115.018 0.700774 0.713235 0.0145411 61.9156 0.00281108 -0.0231439 0.999728 1.28547
0.715171 -0.69869 -0.0190571 116.227 0.698921 0.71463 0.028517 63.1487 -0.00630579 -0.0337139 0.999412 1.27264
0.715353 -0.698349 -0.0240759 117.426 0.69868 0.715375 0.00919969 64.3473 0.0107987 -0.0234023 0.999668 1.28811
0.714037 -0.699713 -0.0235228 118.618 0.699997 0.714119 0.00616211 65.5067 0.0124864 -0.0208659 0.999704 1.34214
0.713785 -0.700359 0.00291234 119.88 0.700063 0.713593 0.0264151 66.7314 -0.0205783 -0.0168159 0.999647 1.3618
0.709923 -0.704177 -0.0119985 121.017 0.704279 0.709824 0.0118384 67.9226 0.000180472 -0.0168547 0.999858 1.35065
0.708809 -0.70513 -0.0195588 122.204 0.705351 0.708816 0.00772055 69.0794 0.00841958 -0.0192682 0.999779 1.40384
0.704814 -0.709201 -0.0164827 123.324 0.709368 0.704793 0.00803033 70.2709 0.00592181 -0.0173522 0.999832 1.38932
0.699191 -0.71463 -0.0208857 124.46 0.714888 0.699182 0.00893627 71.4646 0.00821675 -0.0211791 0.999742 1.43186
0.696451 -0.717186 -0.0245083 125.57 0.71758 0.696303 0.0155386 72.6658 0.00592119 -0.0284085 0.999579 1.45827
0.694292 -0.719381 -0.0212096 126.726 0.719688 0.694103 0.0164617 73.8262 0.00287945 -0.0266935 0.99964 1.46267
0.688137 -0.725309 -0.0198575 127.843 0.725537 0.688139 0.00781928 75.0057 0.0079933 -0.0197881 0.999772 1.50066
0.678878 -0.73406 -0.0167354 128.93 0.734231 0.678851 0.0081336 76.1534 0.00539027 -0.0178093 0.999827 1.52821
0.670887 -0.741544 -0.00480006 130.026 0.741447 0.670659 0.0217289 77.3927 -0.0128937 -0.0181366 0.999752 1.54319
0.664582 -0.747123 -0.0117129 131.102 0.74716 0.66426 0.0225965 78.5635 -0.00910192 -0.0237686 0.999676 1.50058
0.654332 -0.756059 -0.0149986 132.138 0.756197 0.654298 0.00770127 79.7819 0.00399094 -0.0163811 0.999858 1.52137
0.643784 -0.765074 -0.0142454 133.222 0.765196 0.643763 0.00663564 81.0476 0.00409389 -0.0151724 0.999877 1.5867
0.63002 -0.776244 -0.0228062 134.202 0.776525 0.630052 0.00665739 82.312 0.00920132 -0.0219039 0.999718 1.59081
0.61702 -0.786439 -0.0282813 135.245 0.786862 0.617084 0.00746974 83.6038 0.0115774 -0.0268625 0.999572 1.60813
0.604756 -0.795812 -0.0308577 136.265 0.796408 0.6044 0.0208511 84.9454 0.00205686 -0.0371852 0.999306 1.65373
0.59307 -0.804796 -0.0238985 137.22 0.805097 0.592426 0.0291568 86.2912 -0.00930718 -0.0365327 0.999289 1.63199
0.585261 -0.810272 -0.0304797 138.162 0.810844 0.584812 0.0229481 87.6635 -0.000769339 -0.0381449 0.999272 1.62735
0.579118 -0.814134 -0.042525 139.088 0.815159 0.579021 0.0158268 89.0138 0.0117377 -0.0438302 0.99897 1.6649
0.574927 -0.817348 -0.0374335 140.032 0.818194 0.574079 0.0314937 90.368 -0.00425157 -0.0487344 0.998803 1.66942
0.568703 -0.822019 -0.0293514 140.98 0.822458 0.567769 0.034653 91.7168 -0.0118206 -0.0438476 0.998968 1.68661
0.558623 -0.828942 -0.0281948 141.929 0.829414 0.558442 0.0146497 93.0704 0.00360141 -0.0315688 0.999495 1.68311
0.546857 -0.836782 -0.0272551 142.833 0.837226 0.546549 0.0183707 94.4635 -0.000475994 -0.0328648 0.99946 1.69008
0.534146 -0.845271 -0.0142935 143.721 0.845314 0.533792 0.0225845 95.9182 -0.0114603 -0.0241459 0.999643 1.68581
0.524133 -0.851637 -4.81773e-05 144.547 0.851614 0.524119 0.00725514 97.2666 -0.0061535 -0.00384369 0.999974 1.71404
0.513194 -0.858247 -0.00654082 145.547 0.858225 0.513231 -0.00654727 98.6641 0.00897613 -0.00225348 0.999957 1.7508
0.503213 -0.864024 -0.0154582 146.38 0.864145 0.50301 0.0152691 100.166 -0.00541724 -0.0210417 0.999764 1.76783
0.495755 -0.868417 -0.00890498 147.149 0.868261 0.495393 0.0266277 101.603 -0.0187125 -0.0209327 0.999606 1.73926
0.491455 -0.870562 -0.024369 147.911 0.870896 0.491374 0.00963773 103.074 0.00358406 -0.0259594 0.999657 1.74148
0.487192 -0.872784 -0.0298767 148.742 0.873285 0.48706 0.0120293 104.596 0.00405277 -0.0319515 0.999481 1.7572
0.487042 -0.873161 -0.0195081 149.507 0.873313 0.48661 0.0231454 106.028 -0.0107168 -0.0283094 0.999542 1.73675
0.483358 -0.875403 -0.00591895 150.333 0.875419 0.483323 0.00637077 107.592 -0.00271623 -0.00826092 0.999962 1.77052
0.478792 -0.877736 -0.0183585 151.176 0.87785 0.478924 -0.00331263 109.105 0.0116999 -0.01453 0.999826 1.79343
0.476631 -0.878624 -0.0290228 152.011 0.879103 0.476359 0.0161045 110.595 -0.000324522 -0.0331899 0.999449 1.78587
0.474635 -0.880109 -0.0114006 152.842 0.880176 0.47454 0.0100829 112.153 -0.00346396 -0.0148202 0.999884 1.78638
0.474727 -0.879805 -0.0240195 153.597 0.880126 0.474652 0.00909361 113.612 0.00340032 -0.0254572 0.99967 1.81937
0.474072 -0.880034 -0.0282204 154.425 0.880485 0.473774 0.0168549 115.09 -0.0014628 -0.0328381 0.99946 1.86234
0.473725 -0.880389 -0.0223584 155.158 0.880664 0.473452 0.0165497 116.531 -0.00398453 -0.0275303 0.999613 1.87045
0.470848 -0.882033 -0.0179088 155.9 0.882207 0.470831 0.00539119 118.008 0.00367682 -0.0183377 0.999825 1.90353
0.468791 -0.882854 -0.0283423 156.649 0.883299 0.468394 0.0197364 119.46 -0.00414901 -0.034287 0.999403 1.89462
0.466531 -0.884354 -0.0163212 157.409 0.884365 0.46605 0.0263938 120.85 -0.015735 -0.0267474 0.999518 1.93719
0.466887 -0.884154 -0.0169772 158.398 0.884316 0.466836 0.00706332 122.82 0.00168051 -0.018311 0.999831 1.97809
0.473716 -0.880542 -0.0154808 159.349 0.880634 0.473794 -0.00161531 124.646 0.00875707 -0.0128677 0.999879 1.98185
0.488784 -0.872325 -0.0117746 160.258 0.872361 0.488578 0.0166746 126.486 -0.00879288 -0.018422 0.999792 2.03035
0.506298 -0.862032 -0.0237238 161.251 0.862302 0.506389 0.00247009 128.183 0.00988418 -0.0217077 0.999716 2.00592
0.525286 -0.850454 -0.02832 162.259 0.850886 0.525291 0.00786 129.883 0.00819168 -0.0282259 0.999568 2.10065
0.538023 -0.842872 -0.00991936 163.318 0.84293 0.538 0.00507138 131.477 0.00106209 -0.0110898 0.999938 2.14986
0.538383 -0.842602 -0.0128782 164.368 0.842675 0.538186 0.0159581 133.061 -0.00651551 -0.0194437 0.99979 2.14267
0.536044 -0.843969 -0.0193344 165.403 0.844158 0.536082 0.00361485 134.73 0.007314 -0.018259 0.999807 2.16278
0.527905 -0.849058 -0.020404 166.419 0.84924 0.528006 0.000483543 136.399 0.0103629 -0.0175832 0.999792 2.24685
0.516532 -0.856268 -0.000869747 167.477 0.855988 0.516336 0.0261157 138.176 -0.0219129 -0.0142341 0.999659 2.24707
0.50924 -0.860553 -0.0111249 168.557 0.860613 0.509126 0.0116328 139.967 -0.00434671 -0.0154981 0.99987 2.18217
0.505006 -0.863095 0.005921 169.694 0.863056 0.50504 0.00834364 141.796 -0.0101917 0.000896558 0.999948 2.17697
0.50296 -0.864165 0.0157912 170.777 0.864296 0.502969 -0.00370432 143.643 -0.00474132 0.0155114 0.999868 2.18169
0.501072 -0.865023 0.0257426 171.863 0.865326 0.501207 -0.00137347 145.423 -0.0117143 0.0229639 0.999668 2.17715
0.499561 -0.865802 0.0287529 172.882 0.866267 0.499453 -0.0113178 147.188 -0.00456175 0.0305617 0.999522 2.18692
0.501294 -0.865123 0.0163399 173.932 0.865252 0.501047 -0.0170645 148.943 0.00657587 0.0226925 0.999721 2.20073
0.500879 -0.865103 0.0267761 174.922 0.865446 0.500996 -0.00262218 150.595 -0.0111462 0.0244866 0.999638 2.24232
0.493093 -0.869113 0.0387676 175.795 0.86981 0.493381 -0.00241852 152.168 -0.0170252 0.034913 0.999245 2.23624
0.466379 -0.883596 0.041817 176.555 0.884543 0.466295 -0.0123193 153.491 -0.00861379 0.0427344 0.999049 2.21417
0.413259 -0.909591 0.0431444 177.212 0.910601 0.413035 -0.0144087 154.872 -0.00471415 0.0452419 0.998965 2.22054
0.291386 -0.955618 0.0434602 177.822 0.956605 0.29103 -0.0144505 156.734 0.00116095 0.045785 0.998951 2.279
0.0463923 -0.998923 0.000815548 177.894 0.998813 0.046375 -0.0148636 158.994 0.0148098 0.00150413 0.999889 2.32748
-0.184346 -0.982338 -0.0320844 177.473 0.982844 -0.184439 -6.34375e-05 160.632 -0.00585528 -0.0315456 0.999485 2.34444
-0.401548 -0.914423 -0.0508982 176.761 0.915221 -0.402696 0.0143358 162.175 -0.0336055 -0.0408266 0.998601 2.33448
-0.604123 -0.796336 -0.0297448 175.811 0.796504 -0.604572 0.00858811 163.486 -0.0248219 -0.0185036 0.999521 2.31296
-0.750465 -0.660111 -0.0324918 174.525 0.660356 -0.750942 0.0040021 164.692 -0.0270413 -0.0184527 0.999464 2.23301
-0.833554 -0.551607 -0.0302888 172.896 0.551964 -0.833857 -0.00428449 165.735 -0.0228932 -0.0202897 0.999532 2.16914
-0.864404 -0.501827 -0.0312431 171.506 0.502414 -0.864503 -0.0146544 166.509 -0.0196558 -0.0283643 0.999404 2.14311
-0.873024 -0.48684 -0.0285732 169.981 0.487423 -0.872961 -0.0188985 167.298 -0.0157428 -0.0304261 0.999413 2.11206
-0.873081 -0.486841 -0.0267333 168.32 0.487319 -0.873087 -0.0154934 168.214 -0.0157977 -0.0265546 0.999523 2.10885
-0.873577 -0.486163 -0.0225462 166.483 0.486516 -0.873558 -0.0140855 169.195 -0.0128475 -0.0232738 0.999647 2.05506
-0.872364 -0.488416 -0.0207342 165.168 0.488745 -0.872285 -0.0156937 169.932 -0.0104211 -0.0238244 0.999662 2.03565
-0.871114 -0.490635 -0.0209366 163.745 0.490976 -0.871018 -0.0164287 170.732 -0.0101757 -0.0245906 0.999646 2.03095
-0.869701 -0.493176 -0.0199519 162.29 0.493452 -0.869683 -0.0124833 171.508 -0.0111954 -0.0207021 0.999723 1.9882
-0.86767 -0.49673 -0.0201777 160.723 0.496976 -0.867712 -0.00954124 172.388 -0.012769 -0.0183065 0.999751 1.97067
-0.866594 -0.498237 -0.0278186 159.219 0.498598 -0.8668 -0.00756196 173.27 -0.0203455 -0.0204234 0.999584 1.94631
-0.867117 -0.497523 -0.0240729 157.665 0.497753 -0.867308 -0.00432817 174.133 -0.0187252 -0.0157354 0.999701 1.92569
-0.868381 -0.495587 -0.0175393 156.139 0.495724 -0.868469 -0.00434024 175.009 -0.0130814 -0.0124637 0.999837 1.93601
-0.870902 -0.490885 -0.0236964 154.583 0.490971 -0.871172 0.00244975 175.812 -0.0218462 -0.00950073 0.999716 1.89838
-0.874973 -0.483439 -0.0266227 153.05 0.48341 -0.875358 0.00792417 176.656 -0.0271352 -0.00593624 0.999614 1.87258
-0.878033 -0.478095 -0.0219641 151.488 0.477968 -0.878307 0.0110499 177.509 -0.0245742 -0.000795932 0.999698 1.84673
-0.879982 -0.474579 -0.0201498 149.964 0.474486 -0.880212 0.00950064 178.287 -0.0222449 -0.00120042 0.999752 1.81079
-0.880911 -0.47293 -0.0182329 148.381 0.472971 -0.881075 0.00226298 179.111 -0.0171348 -0.00663015 0.999831 1.814
-0.881101 -0.472692 -0.0149639 146.868 0.472731 -0.881206 0.00104784 179.88 -0.0136816 -0.00615064 0.999887 1.80993
-0.879308 -0.475989 -0.0158931 145.378 0.476053 -0.879417 -0.000279345 180.687 -0.0138437 -0.00781158 0.999874 1.81023
-0.87753 -0.479245 -0.0162731 143.861 0.479274 -0.877662 0.00232945 181.5 -0.0153987 -0.00575513 0.999865 1.80368
-0.875754 -0.48261 -0.0119459 142.381 0.482489 -0.875824 0.011711 182.34 -0.0161144 0.00449223 0.99986 1.80109
-0.874133 -0.485567 -0.0107614 140.899 0.485481 -0.874193 0.00968633 183.15 -0.0141109 0.00324268 0.999895 1.78601
-0.873786 -0.486081 -0.0149212 139.482 0.486029 -0.873913 0.00718252 183.935 -0.0165311 -0.000976127 0.999863 1.80878
-0.874284 -0.484924 -0.0218326 137.997 0.484846 -0.874552 0.00907993 184.733 -0.0234968 -0.00264703 0.99972 1.79303
-0.876729 -0.480747 -0.0151153 136.535 0.480618 -0.876855 0.0114987 185.539 -0.0187819 0.00281654 0.99982 1.79405
-0.880622 -0.473596 -0.0145677 135.155 0.473573 -0.880739 0.00522296 186.27 -0.0153039 -0.00229939 0.99988 1.75359
-0.885332 -0.464649 -0.0169795 133.737 0.464728 -0.885453 -0.000845903 186.991 -0.0146415 -0.00863974 0.999855 1.73847
-0.889598 -0.456079 -0.0246446 132.282 0.456345 -0.889781 -0.00622366 187.714 -0.0190898 -0.016783 0.999677 1.74231
-0.892762 -0.449726 -0.0268766 130.85 0.450071 -0.892955 -0.0082349 188.379 -0.0202962 -0.0194482 0.999605 1.73873
-0.894057 -0.446791 -0.032226 129.44 0.447512 -0.894053 -0.0200536 189.072 -0.019852 -0.0323506 0.999279 1.69046
-0.894811 -0.445069 -0.0350253 127.435 0.446017 -0.894633 -0.0264787 190.043 -0.01955 -0.0393153 0.999036 1.68799
-0.893474 -0.447352 -0.0397579 125.547 0.448589 -0.893208 -0.0307964 190.946 -0.0217353 -0.0453507 0.998735 1.65597
-0.889542 -0.454898 -0.0422264 123.791 0.456387 -0.889005 -0.0371629 191.836 -0.0206342 -0.0523296 0.998417 1.63013
-0.885316 -0.462995 -0.0430165 122.137 0.464587 -0.884604 -0.0404325 192.694 -0.0193326 -0.0557805 0.998256 1.60483
-0.880353 -0.472875 -0.0369901 120.67 0.473903 -0.880168 -0.0268305 193.451 -0.01987 -0.0411501 0.998955 1.66717
-0.874233 -0.48394 -0.038956 119.249 0.485148 -0.873853 -0.0318151 194.22 -0.0186452 -0.0467132 0.998734 1.63999
-0.8647 -0.500479 -0.0425861 117.667 0.501744 -0.864599 -0.0268665 195.118 -0.0233738 -0.0445988 0.998732 1.62628
-0.852605 -0.521029 -0.0399243 116.373 0.522058 -0.852638 -0.0215477 195.922 -0.022814 -0.0392145 0.99897 1.61542
-0.838764 -0.543241 -0.0369308 115.117 0.544133 -0.838749 -0.0204752 196.723 -0.0198527 -0.0372691 0.999108 1.57783
-0.829245 -0.558683 -0.0150195 113.865 0.558858 -0.828641 -0.0321151 197.538 0.00549642 -0.035025 0.999371 1.5616
-0.772886 -0.634317 -0.0169878 112.647 0.634474 -0.772123 -0.0356296 198.504 0.00948378 -0.038316 0.999221 1.63215
-0.674916 -0.73774 -0.0150631 111.62 0.737847 -0.674501 -0.0251108 199.498 0.00836514 -0.028062 0.999571 1.61202
-0.49529 -0.86835 -0.0255953 110.714 0.868718 -0.495211 -0.00979009 200.828 -0.00417384 -0.027084 0.999624 1.61635
-0.226545 -0.973886 -0.0149139 110.261 0.973977 -0.226405 -0.010497 202.504 0.00684632 -0.0169039 0.999834 1.65952
0.0866946 -0.996207 -0.0074385 110.305 0.996175 0.0867686 -0.0102806 204.59 0.010887 -0.00651878 0.999919 1.64986
0.295925 -0.955184 -0.00717999 110.922 0.955052 0.296004 -0.0160078 206.512 0.0174157 -0.00212016 0.999846 1.76251
0.405362 -0.914148 -0.00399019 111.641 0.914042 0.405376 -0.0140219 208.105 0.0144356 0.00203675 0.999894 1.77465
0.467751 -0.883856 -0.00273957 112.529 0.883782 0.467749 -0.0118795 209.799 0.0117812 0.00313544 0.999926 1.85064
0.495496 -0.868604 -0.00345149 113.502 0.868522 0.495498 -0.0123115 211.506 0.0124041 0.00310262 0.999918 1.87118
0.508113 -0.861267 -0.00632496 114.583 0.861172 0.508151 -0.0128425 213.365 0.0142749 0.00107856 0.999898 1.92727
0.510776 -0.859698 -0.00517827 115.347 0.859631 0.510801 -0.0107703 214.67 0.0119043 0.00104981 0.999929 1.93106
0.510694 -0.859751 -0.00437412 116.129 0.859719 0.510713 -0.00742267 216.005 0.00861557 3.01935e-05 0.999963 1.94871
0.507695 -0.861537 0.000603754 116.934 0.861436 0.507625 -0.0156604 217.373 0.0131856 0.00847082 0.999877 1.9684
0.505554 -0.862792 -0.00223811 117.752 0.862544 0.505468 -0.0228132 218.769 0.0208143 0.00960282 0.999737 1.99539
0.505522 -0.862699 -0.0140271 118.607 0.86262 0.505687 -0.0129571 220.279 0.0182714 -0.00555002 0.999818 2.03031
0.505237 -0.862974 -0.00345225 119.54 0.86298 0.505237 0.000867399 221.855 0.000995659 -0.00341746 0.999994 2.05876
0.503852 -0.86377 0.00581257 120.451 0.863739 0.503738 -0.0142604 223.389 0.00938972 0.0122057 0.999881 2.06636
0.501652 -0.865068 0.00143611 121.401 0.864778 0.501439 -0.0268059 225.025 0.0224688 0.0146892 0.99964 2.11276
0.500034 -0.865971 -0.00774997 122.353 0.86574 0.500082 -0.0203125 226.702 0.0214656 0.00344745 0.999764 2.14299
0.499995 -0.866009 -0.00576854 123.333 0.865965 0.500028 -0.00874728 228.436 0.0104597 -0.000621757 0.999945 2.22516
0.500548 -0.865708 0.000776663 124.344 0.865686 0.500528 -0.00769225 230.18 0.00627051 0.00452268 0.99997 2.24584
0.499779 -0.866149 -0.00257751 125.34 0.866041 0.49976 -0.0145801 231.917 0.0139166 0.00505458 0.99989 2.23377
0.499227 -0.866464 -0.00350877 126.398 0.866296 0.499203 -0.0181134 233.767 0.0174462 0.00600305 0.99983 2.3192
0.496406 -0.868088 -0.00192444 127.45 0.868004 0.496387 -0.0130273 235.601 0.0122641 0.00479641 0.999913 2.38435
0.493721 -0.869617 0.0022619 128.437 0.869441 0.493565 -0.0215823 237.396 0.017652 0.0126223 0.999765 2.43775
0.490414 -0.871481 -0.00385016 129.478 0.871162 0.490346 -0.0252495 239.268 0.0238924 0.00902861 0.999674 2.51907
0.486778 -0.873487 -0.00819069 130.511 0.873267 0.486841 -0.0197511 241.166 0.0212399 0.00246175 0.999771 2.55942
0.48382 -0.875138 -0.00723036 131.549 0.875066 0.483873 -0.011198 243.025 0.0132984 -0.000909217 0.999911 2.63166
0.482847 -0.875683 -0.00625842 132.529 0.875633 0.482886 -0.00934205 244.83 0.0112028 -0.000969302 0.999937 2.67909
0.483177 -0.87552 0.00209326 133.538 0.875323 0.483015 -0.0225121 246.718 0.0186987 0.0127096 0.999744 2.70024
0.482646 -0.875805 -0.00436802 134.475 0.875477 0.482592 -0.0254009 248.444 0.0243542 0.00843551 0.999668 2.74222
0.483307 -0.875334 -0.0142694 135.5 0.875243 0.483484 -0.0138918 250.288 0.019059 -0.00577521 0.999802 2.86039
0.484018 -0.875034 -0.00650629 136.445 0.874906 0.484059 -0.0150567 252.065 0.0163246 0.00159531 0.999865 2.89803
0.484801 -0.874608 -0.00531715 137.435 0.874574 0.48483 -0.0078093 253.879 0.00940799 -0.00086428 0.999955 2.996
0.484699 -0.874667 -0.0050169 138.442 0.874552 0.484718 -0.0143733 255.731 0.0150037 0.0025792 0.999884 3.04983
0.485319 -0.87428 -0.0100601 139.368 0.874078 0.485423 -0.0187924 257.45 0.0213133 0.000326976 0.999773 3.06701
0.485837 -0.873858 -0.0182931 140.361 0.873728 0.48612 -0.0169674 259.29 0.0237197 -0.00773975 0.999689 3.14543
0.485769 -0.873977 -0.0138907 141.332 0.873824 0.485952 -0.0168277 261.085 0.0214573 -0.00396365 0.999762 3.21329
0.485283 -0.874168 -0.0181601 142.339 0.874133 0.485525 -0.0125667 262.917 0.0198026 -0.00977595 0.999756 3.26811
0.486107 -0.87367 -0.0200103 143.344 0.873661 0.486382 -0.0122322 264.737 0.0204195 -0.0115361 0.999725 3.31728
0.487485 -0.872954 -0.0176099 144.337 0.872853 0.48774 -0.0153893 266.561 0.0220232 -0.0078688 0.999727 3.36654
0.488469 -0.872397 -0.0179201 145.318 0.872278 0.488738 -0.0163384 268.322 0.0230118 -0.00765051 0.999706 3.41336
0.489168 -0.872094 -0.01289 146.386 0.871784 0.489338 -0.0232506 270.238 0.0265843 0.000136154 0.999647 3.48484
0.488638 -0.872306 -0.0177838 147.409 0.872011 0.488943 -0.0230636 272.091 0.0288138 -0.00423795 0.999576 3.58402
0.488931 -0.872242 -0.0118723 148.415 0.871983 0.489075 -0.0212635 273.929 0.0243534 4.3923e-05 0.999703 3.62757
0.489278 -0.872067 -0.0102824 149.527 0.87196 0.489381 -0.0138437 275.932 0.0171047 -0.00219239 0.999851 3.67378
0.48905 -0.872253 -0.00212866 150.54 0.872047 0.488985 -0.0206594 277.727 0.0190611 0.00824718 0.999784 3.67673
0.488912 -0.872332 0.00142666 151.621 0.871982 0.488668 -0.0291766 279.665 0.0247546 0.0155088 0.999573 3.73388
0.488022 -0.872825 0.00336648 152.66 0.872554 0.487766 -0.027085 281.556 0.0219984 0.0161555 0.999628 3.78491
0.487383 -0.873073 0.0142285 153.718 0.873069 0.486982 -0.0244516 283.401 0.014419 0.0243397 0.9996 3.86433
0.486845 -0.873119 0.0254023 154.728 0.873264 0.485854 -0.0368279 285.21 0.0198134 0.0401124 0.998999 3.89855
0.48606 -0.873606 0.0236263 155.774 0.873654 0.485059 -0.0380206 287.071 0.0217549 0.0391215 0.998998 3.96077
0.483996 -0.874748 0.0237384 156.733 0.874893 0.483173 -0.0332472 288.815 0.0176132 0.03686 0.999165 4.08117
0.482613 -0.875297 0.0306548 157.707 0.875733 0.481732 -0.0320154 290.587 0.0132556 0.0422965 0.999017 4.15387
0.480282 -0.876592 0.0302499 158.67 0.876951 0.479244 -0.0357975 292.329 0.0168828 0.0437206 0.998901 4.24059
0.478683 -0.877705 0.0222705 159.561 0.877782 0.477868 -0.0337856 293.98 0.0190115 0.0357212 0.999181 4.32013
0.477206 -0.878504 0.0224877 160.486 0.878582 0.476376 -0.0340522 295.696 0.0192024 0.0360072 0.999167 4.38636
0.476696 -0.8788 0.0217103 161.344 0.87887 0.475918 -0.0330243 297.289 0.0186894 0.0348231 0.999219 4.40902
0.476845 -0.87878 0.0191048 162.157 0.87872 0.47605 -0.0350395 298.843 0.0216971 0.0334961 0.999203 4.50273
0.479324 -0.87741 0.0200069 163.001 0.877356 0.478468 -0.036267 300.39 0.0222484 0.0349368 0.999142 4.54968
0.482304 -0.875781 0.0197633 163.801 0.875771 0.481532 -0.03395 301.831 0.020216 0.0336824 0.999228 4.61402
0.48519 -0.874081 0.0239449 164.532 0.874226 0.484347 -0.0337017 303.166 0.0178604 0.037285 0.999145 4.6631
0.487828 -0.872409 0.0304392 165.253 0.872828 0.486908 -0.0330492 304.496 0.0140113 0.0426905 0.99899 4.69875
0.491535 -0.870134 0.0355039 166.231 0.870625 0.490054 -0.0431112 306.228 0.0201137 0.0521013 0.998439 4.73644
0.493988 -0.869029 0.0276654 167.153 0.869165 0.492725 -0.0421182 307.875 0.0229705 0.0448517 0.99873 4.81167
0.489201 -0.871697 0.028772 167.964 0.871964 0.488098 -0.0379477 309.299 0.0190354 0.0436522 0.998865 4.89389
0.453999 -0.890711 0.0227808 168.801 0.890558 0.452817 -0.0431636 310.937 0.0281307 0.0398839 0.998808 4.9309
0.373537 -0.92741 0.0195199 169.455 0.927151 0.372602 -0.0394796 312.622 0.0293406 0.032845 0.99903 5.01338
0.222864 -0.974694 0.0174445 169.816 0.974451 0.222226 -0.0325572 314.227 0.0278567 0.0242546 0.999318 5.07189
-0.0329419 -0.999442 0.00562526 169.878 0.999326 -0.0330283 -0.0160272 316.375 0.016204 0.0050935 0.999856 5.16325
-0.274729 -0.961429 0.0133144 169.413 0.961505 -0.274779 -0.00206378 318.114 0.0056427 0.0122349 0.999909 5.2568
-0.460096 -0.887493 0.0258247 168.738 0.887819 -0.460185 0.0027166 319.443 0.00947318 0.0241775 0.999663 5.24143
-0.63496 -0.771971 0.0297826 167.786 0.772172 -0.635379 -0.00660221 320.646 0.02402 0.0188052 0.999535 5.26067
-0.775749 -0.630662 0.021873 166.554 0.630894 -0.775851 0.00531475 321.711 0.0136184 0.0179225 0.999747 5.32598
-0.858564 -0.512693 -0.00355417 165.068 0.51268 -0.858432 -0.0159025 322.518 0.00510208 -0.0154754 0.999867 5.32384
-0.891421 -0.452847 -0.017266 163.413 0.453105 -0.891308 -0.0163114 323.271 -0.00800276 -0.0223637 0.999718 5.32989
-0.898932 -0.438089 -0.000523517 161.783 0.437853 -0.898407 -0.0338905 323.984 0.0143767 -0.0306944 0.999425 5.30093
-0.897755 -0.440495 -0.000647545 160.023 0.440315 -0.897344 -0.029948 324.9 0.0126109 -0.0271711 0.999551 5.33161
-0.895852 -0.444332 -0.00435037 158.099 0.444215 -0.895288 -0.0336429 325.841 0.0110537 -0.0320715 0.999424 5.3811
-0.888336 -0.459141 -0.00694303 156.14 0.458995 -0.887406 -0.0428327 326.833 0.013505 -0.0412366 0.999058 5.41049
-0.883923 -0.46745 -0.0130792 154.77 0.467556 -0.882924 -0.0428474 327.533 0.00848107 -0.043989 0.998996 5.46732
-0.88061 -0.473744 -0.00960556 153.259 0.473764 -0.879918 -0.0359356 328.331 0.00857216 -0.036196 0.999308 5.50537
-0.877644 -0.479233 -0.00881632 151.723 0.479214 -0.876937 -0.0365592 329.158 0.00978902 -0.0363109 0.999293 5.52371
-0.874198 -0.485242 -0.0178225 150.238 0.485565 -0.873456 -0.0360753 329.96 0.00193806 -0.0401909 0.99919 5.55804
-0.871243 -0.490496 -0.0186771 148.566 0.49083 -0.870932 -0.0237145 330.879 -0.00463462 -0.0298284 0.999544 5.59123
-0.869825 -0.493289 -0.00846606 147.032 0.493361 -0.869689 -0.0153516 331.738 0.000209941 -0.0175301 0.999846 5.60877
-0.868234 -0.496108 -0.00686062 145.345 0.496137 -0.868 -0.0205902 332.693 0.00425993 -0.0212809 0.999764 5.63338
-0.86939 -0.493999 -0.0112026 143.82 0.49412 -0.869044 -0.0246531 333.547 0.00244306 -0.0269686 0.999633 5.63485
-0.870136 -0.492629 -0.0133782 142.146 0.492809 -0.869728 -0.0266828 334.481 0.00150931 -0.0298106 0.999554 5.67116
-0.871168 -0.490778 -0.0142698 140.482 0.490986 -0.870817 -0.0247121 335.384 -0.00029825 -0.0285346 0.999593 5.69501
-0.872466 -0.488427 -0.0155484 138.915 0.488675 -0.871998 -0.0285644 336.268 0.000393495 -0.0325196 0.999471 5.71105
-0.87429 -0.485178 -0.0148071 137.274 0.485399 -0.87373 -0.0313703 337.205 0.00228278 -0.0346141 0.999398 5.72988
-0.878469 -0.477219 -0.0235261 135.682 0.477775 -0.877851 -0.0332962 338.038 -0.0047628 -0.0404899 0.999169 5.74224
-0.881907 -0.470905 -0.0221101 134.032 0.471387 -0.881452 -0.0289119 338.878 -0.00587424 -0.03592 0.999337 5.78267
-0.88331 -0.468389 -0.0193617 132.469 0.468789 -0.882512 -0.0375445 339.712 0.000498492 -0.04224 0.999107 5.79029
-0.884816 -0.465565 -0.0187302 130.857 0.465937 -0.883933 -0.0395568 340.555 0.00185999 -0.0437276 0.999042 5.79195
-0.885305 -0.464647 -0.0183977 129.308 0.465008 -0.884739 -0.0317015 341.34 -0.00154712 -0.0366206 0.999328 5.8394
-0.882916 -0.469256 -0.0160599 127.722 0.469526 -0.882231 -0.0348383 342.17 0.00217952 -0.0382998 0.999264 5.85436
-0.879776 -0.475015 -0.0188272 126.045 0.475388 -0.879086 -0.0348274 343.041 -7.23638e-06 -0.0395906 0.999216 5.87935
-0.874782 -0.484038 -0.0215492 124.517 0.484506 -0.874202 -0.0320029 343.858 -0.00334773 -0.0384363 0.999255 5.90159
-0.869869 -0.49284 -0.0208934 122.991 0.493268 -0.869389 -0.0291335 344.717 -0.00380636 -0.0356484 0.999357 5.93379
-0.865337 -0.500888 -0.0174202 121.422 0.501191 -0.864762 -0.031547 345.61 0.000737214 -0.0360296 0.99935 5.96533
-0.859973 -0.510066 -0.0167125 119.86 0.510328 -0.85927 -0.0349352 346.496 0.0034587 -0.0385722 0.99925 5.99699
-0.854347 -0.519431 -0.0168279 118.434 0.519696 -0.853716 -0.0329288 347.306 0.00273798 -0.0368781 0.999316 6.02288
-0.849935 -0.526497 -0.0202797 116.914 0.526884 -0.849432 -0.0292819 348.24 -0.00180944 -0.0355728 0.999365 6.01623
-0.846956 -0.531393 -0.016939 115.504 0.531656 -0.846683 -0.021669 349.157 -0.00282724 -0.0273584 0.999622 5.98508
-0.844574 -0.53533 -0.0108142 114.055 0.535436 -0.844331 -0.0203491 350.071 0.00176269 -0.0229767 0.999734 6.0528
-0.843949 -0.536376 -0.00708512 112.774 0.536419 -0.84382 -0.0148853 350.904 0.00200554 -0.016363 0.999864 6.01566
-0.844503 -0.53555 -0.000320002 111.555 0.535504 -0.844422 -0.013685 351.715 0.00705878 -0.0117284 0.999906 6.05389
-0.849897 -0.526945 -0.00214026 109.797 0.526938 -0.849844 -0.010043 352.808 0.0034732 -0.00966327 0.999947 6.07198
-0.858657 -0.512537 0.00377469 108.223 0.512533 -0.858665 -0.00210338 353.738 0.00431926 0.000128569 0.999991 6.12257
-0.869707 -0.493561 0.00257696 106.64 0.493543 -0.869704 -0.00553723 354.666 0.00497415 -0.00354393 0.999981 6.16673
-0.879741 -0.475388 0.00782856 105.09 0.475346 -0.879774 -0.00665032 355.515 0.0100488 -0.00212929 0.999947 6.21782
-0.88866 -0.458389 0.0127427 103.534 0.458266 -0.888741 -0.0114883 356.327 0.0165911 -0.00436966 0.999853 6.25409
-0.895422 -0.444995 0.0140699 101.904 0.444822 -0.895512 -0.0138532 357.065 0.0187644 -0.00614583 0.999805 6.27903
-0.900632 -0.434316 0.0152174 100.231 0.434078 -0.900722 -0.0166239 357.846 0.0209266 -0.00836652 0.999746 6.33013
-0.90275 -0.42986 0.0162437 98.5033 0.429591 -0.902851 -0.0176301 358.636 0.0222441 -0.0089374 0.999713 6.37374
-0.902378 -0.430886 0.00713555 96.6661 0.430712 -0.902311 -0.0179452 359.506 0.0141708 -0.01312 0.999813 6.40253
-0.900237 -0.435002 -0.0186025 94.7126 0.435255 -0.900218 -0.0126886 360.405 -0.0112267 -0.0195196 0.999746 6.52906
-0.895492 -0.445064 0.00361655 92.7326 0.444773 -0.895149 -0.0297662 361.367 0.0164852 -0.0250468 0.99955 6.50177
-0.891568 -0.452632 -0.0151786 91.3002 0.452857 -0.891391 -0.0184981 362.04 -0.00515717 -0.0233661 0.999714 6.59339
-0.887982 -0.459693 -0.0130358 89.8439 0.459852 -0.887875 -0.014606 362.825 -0.00485991 -0.0189644 0.999808 6.49764
-0.884367 -0.466711 0.0087335 88.3523 0.466414 -0.884248 -0.023737 363.563 0.0188009 -0.0169188 0.99968 6.49273
-0.880101 -0.47465 -0.0113618 86.7797 0.474744 -0.879452 -0.0343702 364.353 0.00632162 -0.0356432 0.999345 6.57879
-0.873237 -0.487278 -0.00409505 85.2064 0.487159 -0.872765 -0.0309193 365.209 0.0114923 -0.0289949 0.999514 6.57307
-0.865559 -0.500591 0.0146874 83.5564 0.499841 -0.86534 -0.0366942 366.137 0.0310784 -0.0244196 0.999219 6.61217
-0.858178 -0.513352 -0.000789739 81.8723 0.513015 -0.857556 -0.0376007 367.141 0.0186251 -0.0326732 0.999293 6.66073
-0.852413 -0.522865 0.00187336 80.215 0.52281 -0.852366 -0.0119273 368.163 0.00783316 -0.00918757 0.999927 6.72126
-0.849674 -0.527264 0.00684249 78.4931 0.527121 -0.849646 -0.0156343 369.215 0.0140571 -0.00967725 0.999854 6.68978
-0.848289 -0.529483 0.00738278 76.8174 0.529341 -0.848273 -0.0151662 370.306 0.0142929 -0.00895735 0.999858 6.73339
-0.850409 -0.526101 0.00470558 75.0768 0.526051 -0.850407 -0.00880834 371.339 0.00863573 -0.00501531 0.99995 6.82913
-0.853649 -0.520834 0.00383094 73.3631 0.520809 -0.853652 -0.00596983 372.41 0.00637957 -0.00310095 0.999975 6.84346
-0.856913 -0.515188 0.0167572 71.6728 0.51512 -0.857076 -0.00849346 373.41 0.0187379 0.00135382 0.999824 6.81387
-0.860409 -0.509443 0.0128383 69.9753 0.50933 -0.860499 -0.011116 374.437 0.0167103 -0.00302538 0.999856 6.87107
-0.864361 -0.502788 0.0091961 68.204 0.502797 -0.864403 -0.0014469 375.405 0.00867661 0.00337313 0.999957 6.94965
-0.866152 -0.499623 0.0125732 66.5221 0.499529 -0.86624 -0.00995064 376.361 0.015863 -0.00233807 0.999871 6.95622
-0.868744 -0.495033 0.0150357 64.7969 0.49496 -0.868874 -0.00854192 377.258 0.0172926 2.13063e-05 0.999851 7.01638
-0.870969 -0.491234 0.0100832 63.0582 0.491167 -0.871024 -0.0084681 378.266 0.0129425 -0.00242293 0.999913 7.03816
-0.874739 -0.484581 0.00348354 61.3666 0.484586 -0.874743 0.000636419 379.165 0.0027388 0.00224477 0.999994 7.13826
-0.87733 -0.47972 0.0127094 59.6293 0.479805 -0.877363 0.00459596 380.136 0.00894596 0.0101302 0.999909 7.19925
-0.879733 -0.475234 0.0149221 57.976 0.475211 -0.879856 -0.00529435 380.998 0.0156454 0.00243353 0.999875 7.18228
-0.881634 -0.471852 0.00883676 56.2226 0.471901 -0.88164 0.0044988 381.967 0.00566807 0.00813636 0.999951 7.2678
-0.88186 -0.47147 0.00621675 54.6022 0.47151 -0.881802 0.0101285 382.851 0.000706661 0.0118632 0.999929 7.32315
-0.881596 -0.471982 0.00471233 52.9023 0.472005 -0.881567 0.00713382 383.743 0.000787199 0.00851339 0.999964 7.35985
-0.881079 -0.472922 0.0066824 51.3097 0.472945 -0.881088 0.00249332 384.553 0.00470864 0.00535723 0.999975 7.37236
