0.459635 -0.887539 0.0317823 0.381719 0.888106 0.459413 -0.0144104 0.502794 -0.00181138 0.0348496 0.999391 1.67311
0.457188 -0.888981 0.0263097 1.19785 0.889369 0.456935 -0.0152773 2.0628 0.00155938 0.0303836 0.999537 1.67156
0.455089 -0.890033 0.027121 2.02625 0.890446 0.454892 -0.0134234 3.65312 -0.00038987 0.0302586 0.999542 1.68186
0.452968 -0.891107 0.0273446 2.86212 0.891527 0.452774 -0.0132648 5.2672 -0.00056052 0.030387 0.999538 1.68855
0.45059 -0.892265 0.0288561 3.70585 0.89273 0.450312 -0.0158719 6.90076 0.00116765 0.0329125 0.999458 1.69108
0.449735 -0.892682 0.0292752 4.55499 0.893157 0.449599 -0.0114493 8.55812 -0.00294151 0.0312965 0.999506 1.6977
0.451703 -0.891599 0.0318634 5.41677 0.892138 0.451694 -0.00789577 10.2331 -0.00735265 0.0319931 0.999461 1.69304
0.454384 -0.89032 0.0294255 6.29293 0.890797 0.45428 -0.0105111 11.9257 -0.00400915 0.0309883 0.999512 1.67307
0.457736 -0.888637 0.0283266 7.18322 0.889088 0.45747 -0.0156176 13.635 0.000919809 0.0323336 0.999477 1.65601
0.459516 -0.887448 0.0357875 8.08986 0.88815 0.459399 -0.011922 15.3626 -0.00586056 0.0372631 0.999288 1.65796
0.458177 -0.887631 0.0467539 9.00767 0.888841 0.457884 -0.0174298 17.1003 -0.00593667 0.0495428 0.998754 1.64728
0.454178 -0.889751 0.0454478 9.92384 0.890911 0.453613 -0.0226477 18.8558 -0.000464897 0.0507761 0.99871 1.62783
0.450674 -0.891553 0.0450218 10.8433 0.892686 0.450225 -0.0202225 20.6344 -0.00224054 0.0493041 0.998781 1.62338
0.448156 -0.892864 0.0441585 11.7641 0.893944 0.44785 -0.0171482 22.4243 -0.00446533 0.0471603 0.998877 1.61775
0.446812 -0.893567 0.0435608 12.6834 0.894588 0.446723 -0.0122901 24.2138 -0.00847759 0.0444604 0.998975 1.60549
0.446378 -0.893894 0.0412304 13.5976 0.894803 0.446327 -0.0109389 25.9979 -0.00862399 0.0417759 0.99909 1.58108
0.447309 -0.893591 0.0375354 14.508 0.894361 0.447171 -0.0124667 27.7731 -0.00564466 0.0391467 0.999218 1.55284
0.445733 -0.894237 0.0407819 15.4206 0.895131 0.445656 -0.0114608 29.5381 -0.00792608 0.0416136 0.999102 1.53484
0.44468 -0.894951 0.0363547 16.3185 0.895676 0.44453 -0.0125422 31.2937 -0.00493608 0.0381393 0.99926 1.51293
0.445251 -0.894736 0.0346172 17.2114 0.895401 0.445038 -0.0140576 33.0372 -0.00282809 0.0372554 0.999302 1.49671
0.446409 -0.893939 0.0399046 18.1025 0.894797 0.446327 -0.0114469 34.7689 -0.00757766 0.0408166 0.999138 1.49184
0.447589 -0.893122 0.0446858 18.9878 0.894221 0.447338 -0.0160364 36.4859 -0.00566716 0.0471368 0.998872 1.47546
0.446947 -0.893224 0.0488834 19.8686 0.894539 0.446643 -0.0175814 38.1915 -0.00612933 0.0515861 0.99865 1.45956
0.444969 -0.893829 0.055427 20.7441 0.895446 0.444991 -0.0126353 39.8889 -0.0133707 0.0552542 0.998383 1.44134
0.442556 -0.895289 0.0510075 21.6032 0.896693 0.442402 -0.0148796 41.5668 -0.00924431 0.0523231 0.998587 1.40427
0.440794 -0.896574 0.0430718 22.4428 0.897606 0.44039 -0.0189611 43.2132 -0.00196834 0.0470194 0.998892 1.37202
0.440053 -0.897131 0.0388544 23.2585 0.897952 0.439916 -0.0124773 44.82 -0.00589888 0.0403801 0.999167 1.36802
0.439856 -0.89734 0.0361534 24.0497 0.898048 0.439758 -0.0110515 46.3762 -0.00598178 0.0373286 0.999285 1.35736
0.438969 -0.897828 0.0348174 24.8157 0.898478 0.438913 -0.00962732 47.885 -0.00663813 0.0355087 0.999347 1.34979
0.437621 -0.89849 0.0346989 25.5561 0.899126 0.437612 -0.00825582 49.3478 -0.00776687 0.0348116 0.999364 1.33788
0.436213 -0.899185 0.034415 26.2678 0.899736 0.436432 -0.00124457 50.7639 -0.0139007 0.0315073 0.999407 1.32646
0.435158 -0.900004 0.0251046 27.2716 0.900346 0.435104 -0.00786363 52.771 -0.00384579 0.0260247 0.999654 1.29396
0.436714 -0.899314 0.0227011 28.1943 0.899583 0.436722 -0.00488863 54.6225 -0.00551766 0.0225565 0.99973 1.29187
0.438218 -0.898358 0.030294 29.0471 0.898865 0.437869 -0.0176917 56.307 0.00262874 0.034983 0.999384 1.30213
0.448779 -0.89322 0.0275026 29.8329 0.893638 0.44846 -0.017185 57.8586 0.00301619 0.0322897 0.999474 1.32131
0.466686 -0.883583 0.0385502 30.6015 0.88441 0.466475 -0.0148436 59.2781 -0.00486715 0.0410215 0.999146 1.35435
0.507713 -0.861131 0.0260968 31.3486 0.861518 0.507611 -0.0108852 60.5832 -0.00387349 0.0280094 0.9996 1.35441
0.603901 -0.796533 0.0289412 32.4185 0.797005 0.603885 -0.0102781 62.1047 -0.00929027 0.0292732 0.999528 1.35594
0.736524 -0.676082 0.0211089 33.6331 0.676326 0.736568 -0.00713873 63.3866 -0.0107218 0.0195344 0.999752 1.33475
0.877658 -0.479129 0.0123188 35.0057 0.479225 0.877669 -0.00642467 64.3227 -0.00773362 0.0115421 0.999904 1.2963
0.984417 -0.175232 0.0147094 36.876 0.175261 0.984522 -0.000684658 64.9304 -0.0143617 0.00325196 0.999892 1.26637
0.988608 0.150025 0.0121468 39.1676 -0.149935 0.988664 -0.0079724 64.9037 -0.0132051 0.00606035 0.999894 1.21907
0.94753 0.319499 0.0103333 41.0725 -0.319525 0.947577 0.000964174 64.4285 -0.00948354 -0.00421533 0.999946 1.18338
0.915158 0.402918 -0.011934 42.6682 -0.403013 0.915168 -0.00693542 63.8053 0.00812721 0.0111566 0.999905 1.13281
0.889547 0.456836 -0.00265222 44.4013 -0.456838 0.889492 -0.0101852 63.0031 -0.00229385 0.0102719 0.999945 1.15727
0.876068 0.48211 -0.00865429 45.8082 -0.482188 0.87591 -0.0166221 62.2695 -0.000433332 0.0187351 0.999824 1.15377
0.867492 0.497277 -0.0131789 47.3391 -0.497447 0.867288 -0.0189187 61.4355 0.00202204 0.0229676 0.999734 1.14739
0.862011 0.506641 -0.0158965 48.9988 -0.506886 0.861699 -0.0232481 60.5012 0.00191956 0.0280979 0.999603 1.14721
0.861247 0.507717 -0.0218351 50.7839 -0.508182 0.860613 -0.0331075 59.4774 0.00198234 0.03961 0.999213 1.14725
0.864854 0.501412 -0.0247737 52.0486 -0.502016 0.864058 -0.0371868 58.7588 0.00276002 0.0445979 0.999001 1.14537
0.869665 0.493016 -0.024851 53.3755 -0.493639 0.868722 -0.0405261 58.0177 0.00160862 0.0475116 0.998869 1.1431
0.874671 0.484266 -0.0208783 54.7603 -0.484715 0.873754 -0.0400751 57.2624 -0.00116455 0.0451725 0.998978 1.14
0.879566 0.475395 -0.0190415 56.1853 -0.475776 0.878791 -0.0369397 56.4999 -0.000827421 0.0415504 0.999136 1.13328
0.881855 0.471042 -0.0212134 57.6362 -0.471481 0.881466 -0.0268827 55.7403 0.00603598 0.0337084 0.999413 1.12472
0.882306 0.47035 -0.0175256 59.0952 -0.470649 0.882047 -0.0219761 54.9779 0.00512189 0.0276381 0.999605 1.13795
0.882738 0.469655 -0.0141034 60.5526 -0.469859 0.88249 -0.0210617 54.215 0.00255436 0.0252185 0.999679 1.15787
0.883687 0.467935 -0.0115845 62.0066 -0.468074 0.883516 -0.017516 53.4558 0.00203869 0.0209011 0.999779 1.17434
0.883743 0.467875 -0.00956799 63.4568 -0.467962 0.883676 -0.0113022 52.7012 0.00316698 0.0144657 0.99989 1.18713
0.881289 0.472555 -0.00461103 64.9007 -0.472577 0.881264 -0.00664995 51.9454 0.000921065 0.0080396 0.999967 1.20228
0.876226 0.4819 0.000611121 66.3328 -0.481894 0.876221 -0.00370098 51.1806 -0.00231898 0.0029484 0.999993 1.21639
0.868376 0.495906 0.000613944 67.7437 -0.495905 0.868376 -0.00132097 50.4021 -0.00118821 0.000842639 0.999999 1.22063
0.858717 0.512447 0.00185563 69.129 -0.512446 0.858719 -0.000967332 49.6052 -0.00208917 -0.000120247 0.999998 1.22626
0.847955 0.530059 0.00326385 70.486 -0.530058 0.847961 -0.00111375 48.7894 -0.00335797 -0.000785621 0.999994 1.23097
0.83673 0.547605 0.00337414 71.8117 -0.547609 0.836734 0.000373146 47.956 -0.00261892 -0.00215993 0.999994 1.23398
0.825724 0.564069 0.0023915 73.1029 -0.564073 0.825723 0.00170111 47.1088 -0.00101517 -0.00275362 0.999996 1.23665
0.814884 0.579622 0.00161079 74.3553 -0.579624 0.814881 0.0022025 46.2553 -3.59848e-05 -0.00272844 0.999996 1.24489
0.804526 0.593918 0.000598872 75.5683 -0.593918 0.804525 0.000702785 45.3996 -6.44111e-05 -0.000921089 1 1.25552
0.797476 0.603351 -0.000610765 76.7419 -0.603346 0.797465 -0.00471535 44.5462 -0.00235795 0.00412888 0.999989 1.26866
0.794191 0.607666 -0.00177276 77.8756 -0.607654 0.794148 -0.00921607 43.7114 -0.00419246 0.00839654 0.999956 1.2769
0.794771 0.606889 -0.0050614 79.4899 -0.606905 0.794705 -0.0105025 42.5241 -0.0023515 0.0114188 0.999932 1.28093
0.806441 0.591262 -0.00783808 80.9868 -0.591314 0.806377 -0.0101943 41.4522 0.000292914 0.0128559 0.999917 1.2882
0.832374 0.554117 -0.010391 82.3674 -0.554202 0.832337 -0.0087152 40.5385 0.0038196 0.013013 0.999908 1.30386
0.872357 0.488594 -0.0164427 83.7137 -0.488719 0.87243 -0.00449585 39.7676 0.0121485 0.0119579 0.999855 1.32192
0.939573 0.342267 -0.00749194 85.5434 -0.342328 0.939534 -0.00935563 38.9922 0.00383681 0.011355 0.999928 1.36573
0.992007 0.126076 -0.00511308 87.3905 -0.126145 0.991869 -0.016806 38.6053 0.00295268 0.0173166 0.999846 1.38566
0.989609 -0.14303 -0.0146942 89.1798 0.14261 0.989424 -0.0265022 38.6839 0.0183294 0.0241313 0.999541 1.39373
0.914144 -0.405349 0.00572072 90.8516 0.405311 0.9136 -0.0325274 39.2206 0.0079585 0.0320534 0.999454 1.44292
0.795767 -0.605155 0.0232868 92.3695 0.605553 0.795608 -0.0177242 40.1777 -0.00780123 0.0282057 0.999572 1.4762
0.724075 -0.689413 0.0206265 93.4255 0.689692 0.723996 -0.0124505 41.1047 -0.00635001 0.0232411 0.99971 1.45489
0.68682 -0.726514 0.0213414 94.464 0.726782 0.686811 -0.00892239 42.1496 -0.00817524 0.0216386 0.999732 1.43928
0.674343 -0.738403 0.00474755 95.5244 0.738401 0.674357 0.00263631 43.2948 -0.00514821 0.00172782 0.999985 1.41102
0.680306 -0.732928 -0.00117384 96.668 0.732911 0.6803 -0.00581674 44.51 0.00506181 0.00309684 0.999982 1.39222
0.692045 -0.721822 -0.00677241 97.8974 0.721852 0.692035 0.00414403 45.8067 0.00169549 -0.00775654 0.999968 1.39858
0.702987 -0.711177 0.00606999 99.2307 0.71112 0.703009 0.00931022 47.1566 -0.0108885 -0.00222847 0.999938 1.41334
0.70524 -0.70895 0.00514901 100.641 0.708969 0.705218 -0.00554601 48.5638 0.00030067 0.00756175 0.999971 1.39017
0.700834 -0.713315 0.00372629 102.12 0.713322 0.700811 -0.00593548 50.0556 0.00162244 0.00681783 0.999975 1.38272
0.697144 -0.716869 0.00943707 103.145 0.716886 0.697187 0.00203857 51.0984 -0.00804079 0.00534413 0.999953 1.39586
0.694392 -0.719596 0.000709845 104.186 0.719593 0.694392 0.00234828 52.1805 -0.00218272 -0.00111983 0.999997 1.37947
0.690702 -0.723139 -0.000992861 105.258 0.723135 0.690702 -0.0026147 53.2955 0.00257656 0.00108801 0.999996 1.37
0.686521 -0.727091 0.00533914 106.354 0.72711 0.686508 -0.00416337 54.4489 -0.000638219 0.00674038 0.999977 1.38027
0.683479 -0.72987 0.0121053 107.468 0.729961 0.68346 -0.0063012 55.6345 -0.00367442 0.0131431 0.999907 1.3845
0.680657 -0.732473 0.0137369 108.6 0.732581 0.68066 -0.00517341 56.8431 -0.00556079 0.0135847 0.999892 1.38253
0.679009 -0.734127 0.00209828 109.74 0.734129 0.67901 -0.000545959 58.072 -0.00102395 0.00191112 0.999998 1.36984
0.682321 -0.731012 -0.0077796 110.897 0.731048 0.682239 0.0108598 59.3194 -0.00263106 -0.0130971 0.999911 1.36849
0.688693 -0.724967 -0.0111878 112.072 0.725051 0.688569 0.0132024 60.5681 -0.00186769 -0.0172041 0.99985 1.36915
0.692567 -0.721342 -0.00415163 113.265 0.721353 0.692546 0.00547637 61.807 -0.00107514 -0.00678755 0.999976 1.37499
0.693532 -0.720426 -0.000660518 114.459 0.720426 0.693531 0.00148002 63.0442 -0.000608158 -0.0015023 0.999999 1.38547
0.694644 -0.719353 -8.22462e-05 115.648 0.719297 0.694588 0.0126106 64.287 -0.00901438 -0.00881907 0.99992 1.39377
0.697883 -0.716194 -0.0050411 116.832 0.71621 0.69785 0.00695066 65.5176 -0.00146009 -0.00846123 0.999963 1.38697
0.69841 -0.715657 -0.00764786 118.018 0.71557 0.698448 -0.0113916 66.7308 0.0134941 0.00248345 0.999906 1.38338
0.695798 -0.718093 0.0143928 119.203 0.718078 0.695926 0.00714905 67.9541 -0.01515 0.00536086 0.999871 1.42976
0.693702 -0.720214 0.00832881 120.365 0.720169 0.693752 0.00805487 69.1701 -0.0115794 0.000410474 0.999933 1.41496
0.692365 -0.721545 -0.00187828 121.515 0.721539 0.692367 -0.00318284 70.3777 0.00359702 0.00084843 0.999993 1.3817
0.688831 -0.724918 0.00238878 122.66 0.724922 0.688826 -0.00254799 71.5812 0.000201631 0.00348681 0.999994 1.3978
0.681281 -0.732022 -3.15284e-05 123.787 0.732019 0.681278 -0.00301422 72.7844 0.00222796 0.00203045 0.999995 1.40684
0.67745 -0.735523 -0.00819087 124.891 0.735565 0.67744 0.00431732 73.9983 0.00237334 -0.00894969 0.999957 1.41718
0.677183 -0.7358 -0.00468408 125.989 0.735808 0.677135 0.00868039 75.2071 -0.00321528 -0.00932479 0.999951 1.43592
0.675478 -0.737373 -0.0033122 127.077 0.73738 0.675477 0.00157002 76.4073 0.00107963 -0.00350286 0.999993 1.44265
0.666913 -0.745135 0.000491731 128.153 0.745123 0.666898 -0.00627836 77.6074 0.0043503 0.00455352 0.99998 1.44779
0.656489 -0.754249 0.0114 129.211 0.754298 0.656533 0.000100045 78.8251 -0.00755996 0.00853335 0.999935 1.46513
0.649652 -0.760171 0.00962139 130.248 0.760115 0.649722 0.00930379 80.0563 -0.0133237 0.00126914 0.99991 1.45483
0.640322 -0.768102 0.00271037 131.279 0.768107 0.64032 -0.0017323 81.2885 -0.000404923 0.00319108 0.999995 1.41903
0.628503 -0.777798 0.00372975 132.302 0.777806 0.628502 -0.00173341 82.5476 -0.000995911 0.00399047 0.999992 1.40825
0.615535 -0.788092 -0.00519135 133.307 0.788109 0.615521 0.00416572 83.8366 -8.75882e-05 -0.0066555 0.999978 1.4051
0.601581 -0.798774 -0.0077887 134.305 0.798795 0.601603 -0.000647596 85.1438 0.00520299 -0.005832 0.999969 1.4001
0.588144 -0.808728 -0.00671751 135.282 0.808748 0.588082 0.00929329 86.4809 -0.0035653 -0.0108986 0.999934 1.41319
0.575177 -0.818013 -0.00509711 136.241 0.817979 0.575061 0.0147091 87.8323 -0.00910106 -0.0126296 0.999879 1.40873
0.565291 -0.824854 -0.00787304 137.183 0.824864 0.565167 0.0136522 89.1935 -0.00681152 -0.0142117 0.999876 1.38799
0.557743 -0.829743 -0.0211862 138.105 0.83001 0.55764 0.0110484 90.5631 0.00264687 -0.0237469 0.999714 1.36109
0.553325 -0.832688 -0.0214969 139.022 0.832956 0.553013 0.0189786 91.9407 -0.00391514 -0.0284073 0.999589 1.35524
0.550201 -0.834852 -0.0173543 139.928 0.834879 0.549584 0.0305563 93.3233 -0.0159723 -0.0313009 0.999382 1.34894
0.54292 -0.839717 -0.0106992 140.827 0.83978 0.542828 0.0103722 94.696 -0.00290184 -0.0146162 0.999889 1.30851
0.532117 -0.846593 -0.0114293 141.704 0.846665 0.532016 0.0108343 96.0912 -0.00309164 -0.0154419 0.999876 1.2844
0.520732 -0.853718 0.00190742 142.574 0.853655 0.520719 0.0111574 97.509 -0.0105185 -0.00418175 0.999936 1.26989
0.510686 -0.85967 0.0129438 143.428 0.859691 0.510784 0.00560569 98.9451 -0.0114305 0.0082649 0.999901 1.24282
0.497907 -0.866999 0.0200214 144.27 0.867223 0.497676 -0.0155483 100.391 0.0035162 0.0251046 0.999679 1.2033
0.482506 -0.875566 0.0239301 145.098 0.875882 0.482456 -0.00818716 101.861 -0.00437685 0.0249103 0.99968 1.19298
0.470199 -0.882341 0.0196895 145.902 0.882379 0.470438 0.00976964 103.355 -0.0178829 0.01278 0.999758 1.18161
0.465205 -0.885174 0.00717171 146.695 0.885196 0.465218 0.000195656 104.85 -0.0035096 0.00625735 0.999974 1.12707
0.462545 -0.886594 0.00170376 147.488 0.886593 0.462538 -0.00336847 106.354 0.00219841 0.00306861 0.999993 1.09793
0.46231 -0.886671 0.00910688 148.285 0.886666 0.46237 0.0061167 107.872 -0.00963425 0.00524695 0.99994 1.0951
0.462414 -0.886615 0.00932323 149.075 0.886599 0.462482 0.00727273 109.392 -0.0107599 0.00490295 0.99993 1.07254
0.460019 -0.887752 0.0167349 149.87 0.887892 0.459809 -0.0149876 110.903 0.00561038 0.0217533 0.999748 1.0412
0.455822 -0.889789 0.0223948 150.656 0.890071 0.455686 -0.0111217 112.424 -0.000309048 0.0250025 0.999687 1.04535
0.451352 -0.89205 0.0229593 151.431 0.892308 0.451422 -0.00236468 113.944 -0.0082549 0.021554 0.999734 1.05311
0.449467 -0.893147 0.016357 152.196 0.893296 0.449378 -0.00897967 115.452 0.000669704 0.0186477 0.999826 1.02955
0.448144 -0.893897 0.0107615 152.955 0.893956 0.44815 -0.00199372 116.954 -0.0030406 0.0105138 0.99994 1.02743
0.447703 -0.894163 0.00577713 153.708 0.894155 0.447731 0.00493881 118.445 -0.0070027 0.00295453 0.999971 1.01937
0.447108 -0.894477 0.00233538 154.451 0.894479 0.44711 0.000419209 119.914 -0.00141915 0.00190152 0.999997 1.00404
0.445118 -0.895471 -0.00138667 155.18 0.895471 0.445119 -0.000172757 121.36 0.000771932 -0.00116483 0.999999 0.98752
0.44521 -0.895398 -0.00712071 155.897 0.895321 0.445266 -0.0117461 122.776 0.0136881 -0.00114582 0.999906 0.99323
0.446704 -0.894592 -0.0126448 156.943 0.894249 0.446883 -0.0247762 124.828 0.0278154 -0.000239983 0.999613 1.01898
0.45066 -0.892567 -0.0151564 157.958 0.89204 0.450915 -0.0306779 126.792 0.0342163 0.000305157 0.999414 1.05689
0.457548 -0.889043 -0.0158959 158.946 0.888612 0.457821 -0.0277119 128.671 0.0319146 -0.00144573 0.99949 1.09588
0.4682 -0.883462 -0.0168622 159.911 0.883199 0.468481 -0.0220362 130.471 0.0273677 -0.00457539 0.999615 1.12524
0.486296 -0.873647 -0.0160631 160.865 0.873514 0.486523 -0.0163823 132.211 0.0221274 -0.00606466 0.999737 1.15536
0.500266 -0.865859 0.00469744 161.844 0.865834 0.500187 -0.0120519 133.893 0.00808561 0.0100963 0.999916 1.20718
0.499823 -0.866117 0.00431531 162.83 0.866126 0.499806 -0.00442857 135.564 0.00167884 0.0059511 0.999981 1.20764
0.497661 -0.867349 -0.00625126 163.819 0.86737 0.497662 0.0016586 137.261 0.00167243 -0.00624758 0.999979 1.19315
0.490692 -0.871277 -0.00989944 164.821 0.871183 0.490787 -0.0129505 138.978 0.0161419 -0.00226953 0.999867 1.17254
0.479458 -0.877563 0.0016275 165.819 0.877452 0.479425 0.0151239 140.753 -0.0140525 -0.00582323 0.999884 1.19848
0.472389 -0.88139 -4.27568e-05 166.805 0.881354 0.472369 0.0090978 142.561 -0.00799851 -0.00433538 0.999959 1.14635
0.467587 -0.883789 0.016718 167.799 0.883935 0.467594 -0.00367767 144.409 -0.00456697 0.0164973 0.999853 1.09281
0.462857 -0.885959 0.0289769 168.78 0.886418 0.46279 -0.00937824 146.279 -0.00510147 0.0300264 0.999536 1.05958
0.457906 -0.887977 0.0426422 169.748 0.888979 0.457701 -0.0150392 148.144 -0.00616292 0.0447946 0.998977 1.02361
0.453095 -0.89015 0.0483536 170.694 0.891422 0.452925 -0.0150491 150 -0.00850458 0.0499221 0.998717 0.992571
0.451678 -0.891286 0.0399573 171.612 0.892139 0.450769 -0.0299308 151.82 0.00866543 0.0491666 0.998753 0.9493
0.450217 -0.891595 0.0486081 172.493 0.892897 0.44992 -0.0175165 153.571 -0.00625209 0.0512883 0.998664 0.960427
0.44655 -0.893047 0.0553231 173.299 0.894655 0.446583 -0.0124554 155.202 -0.0135831 0.055057 0.998391 0.944661
0.424163 -0.903266 0.0647745 174.008 0.905564 0.423561 -0.0234401 156.687 -0.00626324 0.0685999 0.997625 0.911379
0.370626 -0.926 0.071834 174.601 0.92878 0.369658 -0.0268308 158.092 -0.00170866 0.0766622 0.997056 0.885724
0.246777 -0.966197 0.0745917 175.192 0.969066 0.245766 -0.0225876 159.931 0.00349193 0.0778584 0.996958 0.881453
0.00718051 -0.999453 0.0322799 175.462 0.99975 0.00649182 -0.0213894 162.137 0.0211681 0.0324254 0.99925 0.884447
-0.219702 -0.975565 -0.00174334 175.272 0.975518 -0.219673 -0.0104507 163.769 0.00981234 -0.00399669 0.999944 0.908431
-0.427168 -0.903766 -0.0270896 174.727 0.903965 -0.42752 0.00862059 165.254 -0.0193723 -0.0208056 0.999596 0.903183
-0.619971 -0.784614 -0.00409923 173.889 0.78452 -0.619965 0.0131147 166.567 -0.0128313 0.00491479 0.999906 0.820268
-0.768184 -0.640229 0.000523593 172.657 0.640167 -0.768099 0.0145011 167.772 -0.00888185 0.0114747 0.999895 0.741401
-0.853404 -0.521236 0.00381654 171.069 0.521239 -0.853316 0.0127234 168.869 -0.00337517 0.0128475 0.999912 0.673701
-0.885731 -0.46419 0.0028451 169.688 0.464199 -0.885714 0.00556472 169.638 -6.31453e-05 0.00624953 0.99998 0.634404
-0.898465 -0.439033 0.0032132 168.157 0.439032 -0.898471 -0.00108265 170.408 0.00336229 0.000437971 0.999994 0.602585
-0.900299 -0.435267 0.00211804 166.474 0.435265 -0.900301 -0.0013754 171.231 0.00250554 -0.000316366 0.999997 0.582715
-0.898769 -0.438388 0.00545707 164.633 0.438395 -0.898782 0.000115338 172.134 0.00485415 0.00249601 0.999985 0.562285
-0.897374 -0.441185 0.00865603 163.315 0.441206 -0.897405 0.000592182 172.788 0.00750671 0.00435051 0.999962 0.547033
-0.895654 -0.444665 0.00882327 161.922 0.444684 -0.895688 0.000189537 173.482 0.00781861 0.00409332 0.999961 0.53985
-0.893616 -0.448709 0.0105364 160.462 0.448771 -0.893636 0.0043282 174.221 0.00747364 0.00859619 0.999935 0.535513
-0.891769 -0.45234 0.0117097 158.944 0.452434 -0.891769 0.0072215 174.996 0.00717579 0.0117378 0.999905 0.531238
-0.890428 -0.455065 0.00733793 157.391 0.455123 -0.890341 0.0124762 175.796 0.00085577 0.0144489 0.999895 0.530421
-0.889488 -0.456917 0.00615532 155.831 0.456956 -0.889365 0.014865 176.604 -0.00131775 0.016035 0.999871 0.519653
-0.889538 -0.456689 0.0125315 154.276 0.456836 -0.889441 0.014006 177.41 0.00474967 0.0181838 0.999823 0.500259
-0.890966 -0.453967 0.00967703 152.723 0.454069 -0.890726 0.0206802 178.216 -0.000768543 0.0228194 0.999739 0.49595
-0.893404 -0.449217 0.00573866 151.17 0.449195 -0.893009 0.0275494 179.012 -0.00725096 0.0271905 0.999604 0.482631
-0.895993 -0.443997 0.00794873 149.62 0.444038 -0.895578 0.027765 179.797 -0.00520887 0.0284068 0.999583 0.447964
-0.898291 -0.439318 0.00855908 148.072 0.439389 -0.897949 0.0249877 180.571 -0.00329192 0.0262069 0.999651 0.414852
-0.899419 -0.437049 0.00580693 146.528 0.437077 -0.899231 0.0186409 181.337 -0.00292521 0.019304 0.999809 0.390838
-0.899101 -0.437698 0.00612459 144.993 0.437741 -0.899031 0.0112632 182.095 0.000576314 0.0128077 0.999918 0.368031
-0.896529 -0.442961 0.00455152 143.47 0.442985 -0.896482 0.00923148 182.854 -8.8399e-06 0.0102925 0.999947 0.359656
-0.893085 -0.449863 0.00477009 141.961 0.449888 -0.893008 0.0117642 183.617 -0.00103257 0.0126524 0.999919 0.352235
-0.890257 -0.45541 0.00663463 140.47 0.455444 -0.890021 0.0207964 184.385 -0.0035659 0.0215358 0.999762 0.347179
-0.887661 -0.460387 0.0100839 138.995 0.460495 -0.887382 0.0222986 185.15 -0.00131766 0.0244372 0.9997 0.332894
-0.886279 -0.462976 0.0127263 137.535 0.463148 -0.885849 0.0276613 185.917 -0.00153296 0.0304098 0.999536 0.319906
-0.886217 -0.463222 0.00671121 136.084 0.463206 -0.885759 0.0295283 186.679 -0.00773362 0.0292771 0.999541 0.308817
-0.887443 -0.460874 0.00625557 134.647 0.460863 -0.88705 0.0273457 187.431 -0.00705392 0.0271507 0.999606 0.285677
-0.889899 -0.456056 0.00959584 133.219 0.45615 -0.88958 0.023975 188.172 -0.00239767 0.0257125 0.999667 0.256344
-0.893719 -0.448534 0.00909375 131.797 0.448624 -0.893468 0.0212402 188.898 -0.00140199 0.0230625 0.999733 0.241367
-0.897737 -0.440504 0.00492316 130.379 0.440516 -0.897555 0.0184697 189.608 -0.00371716 0.0187496 0.999817 0.230553
-0.901381 -0.433027 -0.000872379 128.97 0.432983 -0.901315 0.0124973 190.299 -0.00619797 0.0108871 0.999922 0.218095
-0.903295 -0.429003 -0.00388729 127.578 0.428993 -0.903302 0.0032815 190.971 -0.00491917 0.00129655 0.999987 0.196716
-0.903695 -0.428059 -0.010025 125.556 0.428134 -0.903688 -0.00704287 191.944 -0.0060447 -0.0106566 0.999925 0.171476
-0.902076 -0.431327 -0.0146849 123.65 0.431527 -0.901968 -0.01544 192.865 -0.00658561 -0.0202649 0.999773 0.147846
-0.897565 -0.440488 -0.0186473 121.865 0.440799 -0.897414 -0.0185682 193.742 -0.00855528 -0.0248859 0.999654 0.12865
-0.892765 -0.450237 -0.016017 120.204 0.450483 -0.892591 -0.0186215 194.582 -0.00591251 -0.02384 0.999698 0.104187
-0.887332 -0.460792 -0.0176657 118.67 0.461072 -0.88718 -0.0180076 195.376 -0.0073749 -0.0241238 0.999682 0.0887537
-0.880444 -0.473824 -0.0176002 117.286 0.474093 -0.880306 -0.0172079 196.116 -0.00734004 -0.0234947 0.999697 0.0742947
-0.870626 -0.491521 -0.0204407 115.666 0.491822 -0.870587 -0.0137427 197.017 -0.0110406 -0.022018 0.999697 0.0557095
-0.858384 -0.512645 -0.0192833 114.298 0.512873 -0.858413 -0.00941724 197.816 -0.0117254 -0.0179735 0.99977 0.0326603
-0.843616 -0.536696 -0.0163847 112.976 0.536847 -0.843655 -0.00646697 198.631 -0.0103523 -0.0142517 0.999845 0.00739431
-0.828562 -0.559727 0.0137872 111.573 0.559612 -0.828675 -0.0114994 199.484 0.0178616 -0.00181248 0.999839 -0.0253956
-0.781109 -0.624006 0.0220292 110.376 0.623811 -0.781418 -0.015671 200.36 0.0269928 0.00150127 0.999635 0.0195723
-0.695126 -0.718553 0.0219531 109.396 0.718551 -0.695411 -0.00938349 201.279 0.022009 0.00925173 0.999715 0.0758837
-0.530489 -0.847558 0.0150683 108.426 0.84765 -0.530555 -0.00048895 202.572 0.00840899 0.0125133 0.999886 0.125619
-0.274641 -0.961365 0.0186945 107.72 0.961501 -0.274766 -0.00441385 204.294 0.00937992 0.0167625 0.999816 0.144735
0.0412241 -0.999018 0.0162488 107.534 0.999083 0.0410271 -0.0122792 206.451 0.0116005 0.0167401 0.999793 0.143769
0.259362 -0.96564 0.0164762 107.903 0.965698 0.259079 -0.0174988 208.428 0.0126289 0.0204496 0.999711 0.146834
0.378793 -0.925385 0.0133356 108.475 0.925446 0.378614 -0.0141592 210.012 0.00805363 0.0177048 0.999811 0.160221
0.451309 -0.892184 0.0181284 109.264 0.892358 0.451117 -0.0138167 211.659 0.00414898 0.0224126 0.99974 0.168031
0.485618 -0.873942 0.0200189 110.202 0.874168 0.485423 -0.0139995 213.385 0.00251711 0.0242982 0.999702 0.168068
0.500962 -0.86521 0.0211732 111.247 0.865461 0.500703 -0.0165408 215.208 0.0037098 0.0266109 0.999639 0.16191
0.50446 -0.863133 0.0228581 111.99 0.863434 0.504231 -0.015275 216.486 0.00165856 0.027442 0.999622 0.16157
0.505315 -0.862545 0.0259586 112.766 0.862932 0.505169 -0.0123755 217.818 -0.0024391 0.028654 0.999586 0.159978
0.502039 -0.864415 0.0272673 113.571 0.864844 0.501831 -0.0144806 219.201 -0.0011663 0.0308518 0.999523 0.148842
0.498082 -0.866853 0.0218938 114.396 0.867101 0.497703 -0.0206652 220.639 0.00701706 0.0292771 0.999547 0.132991
0.496706 -0.867722 0.0185027 115.242 0.867884 0.496382 -0.0195363 222.129 0.00776765 0.0257619 0.999638 0.134997
0.497625 -0.866993 0.0263234 116.113 0.867373 0.497588 -0.00839081 223.664 -0.00582345 0.0270077 0.999618 0.150181
0.497077 -0.867138 0.0314059 117.008 0.867695 0.49693 -0.0128671 225.235 -0.00444893 0.0336467 0.999424 0.134226
0.493779 -0.86907 0.0299987 117.923 0.869564 0.493219 -0.0243702 226.851 0.00638347 0.0381193 0.999253 0.10693
0.490502 -0.870999 0.0277246 118.854 0.871395 0.489905 -0.0257566 228.518 0.00885152 0.0367927 0.999284 0.111145
0.488356 -0.872188 0.0282202 119.804 0.872642 0.488014 -0.0184058 230.232 0.00228144 0.0336147 0.999432 0.12745
0.488969 -0.871724 0.0317296 120.774 0.872293 0.488799 -0.0134336 231.984 -0.00379904 0.0342462 0.999406 0.125241
0.489197 -0.871612 0.0312774 121.762 0.872171 0.488797 -0.0198799 233.765 0.00203924 0.0370044 0.999313 0.101265
0.488227 -0.872132 0.031931 122.764 0.872704 0.487691 -0.023364 235.576 0.00480402 0.0392732 0.999217 0.0937092
0.485604 -0.87343 0.036175 123.773 0.874179 0.485176 -0.0203629 237.411 0.000234354 0.0415117 0.999138 0.101364
0.481724 -0.875475 0.0385564 124.78 0.876323 0.481206 -0.0223632 239.26 0.00102491 0.0445607 0.999006 0.101134
0.477807 -0.877725 0.0360579 125.784 0.878432 0.477027 -0.0283327 241.123 0.00766773 0.0452119 0.998948 0.0995611
0.47375 -0.87997 0.0348247 126.784 0.880638 0.473095 -0.0256404 243 0.00608735 0.0428151 0.999064 0.12258
0.470162 -0.881879 0.0351754 127.773 0.88258 0.469804 -0.0183638 244.876 -0.000330915 0.0396791 0.999212 0.1452
0.468146 -0.883034 0.0330253 128.749 0.883649 0.467903 -0.0152 246.746 -0.00203058 0.0362986 0.999339 0.149697
0.468245 -0.882998 0.0325757 129.718 0.883599 0.46791 -0.0177195 248.604 0.000403763 0.0370809 0.999312 0.144971
0.467357 -0.883525 0.0310018 130.68 0.884053 0.466847 -0.022461 250.451 0.00537179 0.0379045 0.999267 0.145828
0.46653 -0.883985 0.030334 131.633 0.884498 0.46611 -0.0201076 252.288 0.00363584 0.0362112 0.999338 0.162633
0.465906 -0.88439 0.0280308 132.579 0.884833 0.465619 -0.0164202 254.115 0.00147014 0.0324529 0.999472 0.176694
0.465358 -0.884715 0.0268529 133.523 0.885117 0.465249 -0.0105385 255.937 -0.00316971 0.0286722 0.999584 0.179457
0.464829 -0.88511 0.0226849 134.464 0.885389 0.464801 -0.00681579 257.755 -0.00451122 0.0232531 0.999719 0.167567
0.464339 -0.885532 0.0149043 135.403 0.885655 0.464233 -0.0101524 259.568 0.00207118 0.0179142 0.999837 0.145225
0.464678 -0.885438 0.00855143 136.339 0.885473 0.464617 -0.00826305 261.382 0.00334328 0.0114117 0.999929 0.143087
0.465004 -0.885283 0.00676423 137.279 0.885306 0.464969 -0.00614422 263.197 0.00229422 0.0088455 0.999958 0.148622
0.464757 -0.885398 0.00846409 138.224 0.885438 0.464741 -0.00391709 265.022 -0.000465424 0.00931492 0.999956 0.15353
0.464851 -0.885356 0.00761377 139.171 0.885389 0.464834 -0.0038907 266.861 -9.44887e-05 0.00854974 0.999963 0.147324
0.465979 -0.884759 0.00814556 140.127 0.884796 0.465963 -0.00386189 268.716 -0.000378688 0.00900672 0.999959 0.139647
0.466491 -0.884493 0.00770048 141.094 0.884526 0.466481 -0.00309733 270.587 -0.000852567 0.00825615 0.999966 0.130003
0.466753 -0.884353 0.00788032 142.068 0.884388 0.466736 -0.00401245 272.474 -0.000129607 0.00884208 0.999961 0.12143
0.465961 -0.884785 0.00593829 143.051 0.884792 0.465907 -0.00859676 274.378 0.0048396 0.00925991 0.999945 0.111849
0.46516 -0.885182 0.0088191 144.04 0.885225 0.465153 -0.00303709 276.298 -0.00141385 0.00921963 0.999956 0.12017
0.464905 -0.885291 0.0110976 145.028 0.88535 0.464923 -0.00103236 278.219 -0.00424561 0.0103052 0.999938 0.111935
0.464655 -0.885376 0.0143108 146.011 0.885477 0.46468 -0.00176152 280.131 -0.00509033 0.0134904 0.999896 0.0968829
0.463854 -0.885768 0.0159431 146.989 0.885911 0.463803 -0.00695872 282.034 -0.00123064 0.017352 0.999849 0.0780979
0.462714 -0.886273 0.0203756 147.961 0.886504 0.462658 -0.00769837 283.932 -0.00260406 0.0216252 0.999763 0.0696828
0.461313 -0.886792 0.0281209 148.928 0.887201 0.461348 -0.00559627 285.823 -0.00801081 0.0275305 0.999589 0.0610368
0.459646 -0.887514 0.0323103 149.885 0.888089 0.459533 -0.0112799 287.698 -0.00483657 0.0338792 0.999414 0.0385049
0.457889 -0.888333 0.0346678 150.829 0.889008 0.457622 -0.0157267 289.557 -0.00189414 0.038021 0.999275 0.0202669
0.455333 -0.889436 0.0396864 151.755 0.890308 0.455118 -0.0148075 291.389 -0.00489171 0.0420755 0.999102 0.0151835
0.45271 -0.890509 0.0452525 152.661 0.891615 0.452603 -0.0131554 293.19 -0.00876644 0.0463034 0.998889 0.00531047
0.449628 -0.891905 0.0483683 153.547 0.893182 0.44942 -0.0157015 294.964 -0.00773345 0.0502615 0.998706 -0.0161939
0.445987 -0.893773 0.0475884 154.412 0.895022 0.445678 -0.0175153 296.707 -0.0055544 0.0504042 0.998713 -0.0400727
0.442769 -0.895432 0.0464546 155.251 0.896619 0.442487 -0.0167436 298.415 -0.00556278 0.0490656 0.99878 -0.0565146
0.44055 -0.896635 0.0442852 156.067 0.897699 0.440396 -0.0137017 300.084 -0.00721763 0.0457911 0.998925 -0.0686368
0.43979 -0.897158 0.0411397 156.857 0.89809 0.439547 -0.0152772 301.706 -0.00437675 0.0436659 0.999037 -0.0858293
0.441531 -0.896352 0.04003 157.622 0.897235 0.441306 -0.0147854 303.274 -0.00441249 0.0424445 0.999089 -0.095854
0.444603 -0.894727 0.0423329 158.36 0.895709 0.444403 -0.0145315 304.775 -0.00581113 0.0443787 0.998998 -0.101358
0.447561 -0.893113 0.0451363 159.066 0.894223 0.447388 -0.0144378 306.199 -0.00729886 0.0468237 0.998877 -0.109059
0.449695 -0.891884 0.0481314 159.735 0.893121 0.449642 -0.012553 307.54 -0.0104461 0.0486322 0.998762 -0.119148
0.452385 -0.890639 0.045934 160.663 0.891792 0.452198 -0.0149781 309.396 -0.00743121 0.0477394 0.998832 -0.140723
0.454723 -0.889579 0.0433249 161.503 0.890625 0.454389 -0.0178336 311.067 -0.00382193 0.0466956 0.998902 -0.160634
0.451645 -0.89106 0.0450517 162.251 0.892145 0.451591 -0.0119505 312.556 -0.00969637 0.0455901 0.998913 -0.153406
0.421878 -0.90583 0.0386144 163.082 0.906652 0.421487 -0.018178 314.286 0.000190746 0.0426788 0.999089 -0.169733
0.343355 -0.938599 0.0337656 163.737 0.939205 0.343097 -0.0133538 315.903 0.000949022 0.0362979 0.999341 -0.154756
0.197295 -0.979745 0.0342803 164.172 0.980344 0.197142 -0.00782593 317.492 0.000909328 0.0351505 0.999382 -0.138212
-0.0494338 -0.998469 0.0248231 164.278 0.998758 -0.0492636 0.00742188 319.467 -0.00618764 0.0251592 0.999664 -0.138432
-0.27786 -0.960096 0.0317711 163.948 0.960525 -0.277212 0.0233287 321.13 -0.0135904 0.0369991 0.999223 -0.156123
-0.453859 -0.889695 0.04954 163.405 0.89101 -0.452459 0.037188 322.389 -0.0106712 0.0610187 0.99808 -0.186906
-0.623575 -0.779611 0.0579748 162.579 0.781744 -0.622369 0.0391496 323.579 0.00556026 0.0697341 0.99755 -0.213687
-0.769197 -0.635721 0.0647693 161.476 0.63887 -0.767203 0.0569615 324.66 0.0134796 0.0851937 0.996273 -0.208227
-0.862648 -0.504644 0.0342377 160.092 0.505754 -0.861542 0.0442509 325.568 0.00716627 0.0554887 0.998434 -0.176983
-0.903472 -0.428424 0.0138428 158.51 0.428613 -0.90252 0.0418151 326.374 -0.00542122 0.043712 0.999029 -0.161686
-0.914493 -0.404084 0.0204495 156.802 0.404506 -0.914203 0.0246394 327.132 0.00873863 0.0308045 0.999487 -0.177629
-0.913705 -0.405564 0.0257204 154.995 0.4062 -0.913347 0.0282552 327.933 0.0120323 0.0362646 0.99927 -0.159793
-0.912845 -0.407888 0.0184653 153.092 0.40826 -0.912488 0.0262709 328.786 0.00613374 0.0315199 0.999484 -0.1152
-0.908253 -0.418134 0.0155264 151.081 0.418337 -0.908192 0.0134734 329.698 0.00846727 0.0187325 0.999789 -0.088449
-0.903864 -0.427712 0.00963383 149.677 0.427798 -0.903817 0.0101936 330.357 0.00434731 0.0133349 0.999902 -0.0682982
-0.899741 -0.436394 0.00508541 148.221 0.436422 -0.89971 0.00760366 331.058 0.0012572 0.00906071 0.999958 -0.0506931
-0.895947 -0.444052 0.00982024 146.713 0.444126 -0.895935 0.00720783 331.801 0.00559765 0.0108193 0.999926 -0.0509563
-0.892378 -0.451244 0.00634543 145.155 0.451287 -0.89232 0.0102876 332.582 0.00101993 0.012044 0.999927 -0.0394773
-0.88946 -0.457011 0.00148656 143.564 0.456976 -0.889339 0.0157906 333.395 -0.00589443 0.0147244 0.999874 -0.0359714
-0.886913 -0.461933 0.00181376 141.954 0.461914 -0.886826 0.0131965 334.225 -0.00448743 0.012542 0.999911 -0.0517384
-0.885179 -0.465209 0.00614481 140.326 0.46525 -0.885112 0.0109616 335.076 0.000339394 0.0125619 0.999921 -0.068424
-0.884765 -0.466006 0.00550026 138.682 0.466037 -0.884677 0.0124636 335.939 -0.00094215 0.0135907 0.999907 -0.069552
-0.885628 -0.464375 0.0043193 137.037 0.464389 -0.885532 0.0132989 336.803 -0.00235079 0.0137837 0.999902 -0.0684029
-0.886616 -0.462505 0.00138821 135.396 0.462493 -0.886561 0.0104941 337.656 -0.00362284 0.00994626 0.999944 -0.0698517
-0.887146 -0.461489 0.000557554 133.762 0.461472 -0.887102 0.00968635 338.503 -0.00397554 0.0088505 0.999953 -0.074033
-0.888206 -0.459437 0.0027183 132.133 0.459443 -0.88817 0.00813529 339.344 -0.00132334 0.00847472 0.999963 -0.080479
-0.89119 -0.453631 0.00028128 130.506 0.453615 -0.891154 0.00888587 340.177 -0.00378024 0.00804659 0.99996 -0.0836668
-0.894794 -0.446446 -0.00553647 128.878 0.446406 -0.894802 0.007087 340.992 -0.00811801 0.00386989 0.99996 -0.0881008
-0.897102 -0.441796 -0.00488535 127.252 0.441802 -0.897112 -0.000281132 341.79 -0.0042585 -0.00241056 0.999988 -0.109184
-0.898423 -0.43913 -0.0013732 125.629 0.43913 -0.898423 -0.00022742 342.584 -0.00113385 -0.000807332 0.999999 -0.120172
-0.899128 -0.437651 -0.00543041 124.012 0.437647 -0.899145 0.00205869 343.369 -0.00578371 -0.000525572 0.999983 -0.119409
-0.898317 -0.439339 -0.00286806 122.4 0.439343 -0.898319 -0.00117836 344.152 -0.00205873 -0.0023186 0.999995 -0.130559
-0.895693 -0.444641 -0.00523255 120.794 0.444666 -0.895682 -0.00518979 344.939 -0.0023791 -0.0069752 0.999973 -0.133593
-0.89138 -0.453178 -0.00843981 119.199 0.453232 -0.891372 -0.00601726 345.738 -0.00479612 -0.00918886 0.999946 -0.132772
-0.886468 -0.462686 -0.00978317 117.619 0.46275 -0.886471 -0.0056368 346.551 -0.00606442 -0.00952401 0.999936 -0.138864
-0.881627 -0.471872 -0.00838268 116.055 0.471924 -0.881621 -0.00573768 347.378 -0.0046829 -0.00901448 0.999948 -0.14831
-0.876867 -0.480688 -0.00663867 114.507 0.48073 -0.87683 -0.00827055 348.214 -0.00184543 -0.0104436 0.999944 -0.157591
-0.871866 -0.489693 -0.00709223 112.975 0.48974 -0.871826 -0.00862175 349.062 -0.00196118 -0.0109904 0.999938 -0.158155
-0.866717 -0.498703 -0.00985317 111.458 0.49878 -0.86669 -0.00819572 349.92 -0.00445242 -0.0120179 0.999918 -0.156785
-0.862219 -0.506432 -0.0102043 109.968 0.506491 -0.862235 -0.00413312 350.782 -0.0067054 -0.00873206 0.999939 -0.159826
-0.859204 -0.511595 -0.00621973 108.531 0.511606 -0.85922 -0.000196568 351.625 -0.00524355 -0.00335094 0.999981 -0.167383
-0.857732 -0.51409 -0.00273116 107.16 0.514077 -0.857733 0.00428714 352.435 -0.00454658 0.00227319 0.999987 -0.169343
-0.857559 -0.514384 0.00161355 105.86 0.514379 -0.857525 0.00808198 353.203 -0.00277358 0.00776075 0.999966 -0.163218
-0.861274 -0.508128 0.00365186 104.054 0.508116 -0.861135 0.0162578 354.261 -0.0051163 0.015858 0.999861 -0.150122
-0.869444 -0.494 0.00555496 102.424 0.493993 -0.869183 0.022162 355.188 -0.00611975 0.0220128 0.999739 -0.137739
-0.880345 -0.474253 0.00872036 100.851 0.474323 -0.880057 0.0227466 356.042 -0.00311322 0.0241611 0.999703 -0.133179
-0.890682 -0.45453 0.00940453 99.2814 0.454626 -0.890435 0.0210159 356.848 -0.00117822 0.022994 0.999735 -0.124516
-0.899444 -0.436753 0.0157227 97.7179 0.43699 -0.899289 0.0178485 357.613 0.00634383 0.0229244 0.999717 -0.11415
-0.906279 -0.422385 0.0157829 96.1187 0.422592 -0.90622 0.0134766 358.36 0.00861047 0.0188833 0.999785 -0.0805513
-0.911736 -0.410471 0.0158634 94.4592 0.410663 -0.911713 0.0115957 359.113 0.00970315 0.0170867 0.999807 -0.038022
-0.914606 -0.40403 0.015997 92.7298 0.404149 -0.91468 0.00489863 359.874 0.0126529 0.0109455 0.99986 0.00435135
-0.915084 -0.403086 0.0119647 90.9168 0.403166 -0.915112 0.00511966 360.672 0.00888538 0.00950868 0.999915 0.0523141
-0.913997 -0.405519 -0.0127733 88.9939 0.405457 -0.914085 0.00724287 361.521 -0.014613 0.00144095 0.999892 0.0828353
-0.909898 -0.414795 0.00557258 86.9756 0.414723 -0.909883 -0.0108384 362.428 0.00956613 -0.00755079 0.999926 0.0380355
-0.906226 -0.422751 -0.00605069 85.5591 0.422786 -0.906205 -0.00661385 363.084 -0.00268716 -0.00855179 0.99996 0.0362793
-0.902884 -0.429577 -0.0162336 84.0937 0.429626 -0.903007 0.000495543 363.782 -0.014872 -0.00652699 0.999868 0.0366557
-0.900971 -0.433856 0.00440811 82.5894 0.433793 -0.900948 -0.010767 364.511 0.00864282 -0.00778855 0.999932 -0.0152087
-0.898366 -0.439232 -0.00374189 81.0256 0.439221 -0.898185 -0.0186514 365.276 0.00483137 -0.0183993 0.999819 -0.0173285
-0.892563 -0.450626 -0.0163491 79.4139 0.450906 -0.892252 -0.0238727 366.079 -0.00382986 -0.0286798 0.999581 -0.00489839
-0.884983 -0.465613 0.0031064 77.7765 0.465317 -0.884622 -0.0303854 366.932 0.0168958 -0.0254451 0.999533 -0.0177392
-0.877813 -0.478991 0.00358602 76.1035 0.478833 -0.877674 -0.02017 367.839 0.0128086 -0.0159884 0.99979 0.0278961
-0.871653 -0.490074 -0.00702527 74.4016 0.490121 -0.871608 -0.00900846 368.786 -0.00170847 -0.0112955 0.999935 0.0748433
-0.867694 -0.497099 0.000147579 72.69 0.497076 -0.867656 -0.00938679 369.761 0.00479422 -0.0080715 0.999956 0.0781012
-0.866599 -0.498997 0.00302103 70.9689 0.498972 -0.866595 -0.00634829 370.756 0.00578578 -0.00399401 0.999975 0.0981403
-0.867404 -0.497602 0.00162477 69.2408 0.49759 -0.867399 -0.00484986 371.752 0.00382262 -0.00339832 0.999987 0.120909
-0.869862 -0.493274 -0.00451939 67.5046 0.493287 -0.869863 -0.00250723 372.743 -0.0026945 -0.00441031 0.999987 0.140054
-0.872663 -0.488291 0.00558503 65.7696 0.488288 -0.87268 -0.00204875 373.721 0.00587434 0.000939232 0.999982 0.143004
-0.876425 -0.481364 0.0129512 64.0361 0.481453 -0.876459 0.00470459 374.688 0.0090866 0.0103586 0.999905 0.166301
-0.880992 -0.473093 0.00598181 62.2988 0.473131 -0.880921 0.0112299 375.636 -4.32749e-05 0.0127236 0.999919 0.203279
-0.884387 -0.466726 0.00520638 60.5636 0.466745 -0.884385 0.00348882 376.559 0.00297612 0.00551552 0.99998 0.214551
-0.886395 -0.462875 0.007089 58.8338 0.462874 -0.886422 -0.00190602 377.468 0.00716609 0.00159183 0.999973 0.231045
-0.887925 -0.459941 0.00663071 57.1082 0.45996 -0.887938 0.00158257 378.37 0.00515977 0.00445506 0.999977 0.259386
-0.890912 -0.454175 0.000510872 55.3847 0.454155 -0.89086 0.0106061 379.262 -0.00436191 0.0096811 0.999944 0.284198
-0.894656 -0.446754 0.00106826 53.664 0.446747 -0.894624 0.00808245 380.132 -0.00265518 0.00770826 0.999967 0.280228
-0.897563 -0.440813 0.00802563 51.9469 0.440843 -0.897581 0.00226895 380.983 0.00620347 0.00557457 0.999965 0.270302
-0.899317 -0.437288 0.00299097 50.23 0.437297 -0.899286 0.0074854 381.824 -0.000583534 0.00803969 0.999968 0.288738
