0.477277 -0.87856 0.0184009 0.681346 0.878748 0.477236 -0.00687677 0.552627 -0.00273992 0.0194519 0.999807 0
0.475552 -0.87957 0.0143616 1.08042 0.879687 0.475503 -0.00689598 1.33767 -0.000763498 0.0159131 0.999873 0
0.474332 -0.880248 0.0131577 1.48794 0.880345 0.474294 -0.00606634 2.13046 -0.000900723 0.0144607 0.999895 0
0.47289 -0.881006 0.0142426 1.89926 0.881118 0.472873 -0.00474484 2.93109 -0.00255473 0.0147932 0.999887 0
0.471488 -0.881748 0.0148063 2.31563 0.881863 0.471493 -0.00334038 3.73627 -0.00403571 0.0146321 0.999885 0
0.470484 -0.882272 0.0155163 2.7324 0.882397 0.470496 -0.00311652 4.54726 -0.00455072 0.0151578 0.999875 0
0.46892 -0.883115 0.0149044 3.1519 0.883233 0.468921 -0.00360828 5.36246 -0.00380244 0.014856 0.999882 0
0.468037 -0.883566 0.0159021 3.57303 0.883705 0.468014 -0.00533782 6.17702 -0.00272611 0.0165511 0.999859 0
0.467256 -0.883961 0.016892 3.99815 0.884113 0.467252 -0.00442913 7.00081 -0.00397765 0.017004 0.999848 0
0.467135 -0.884018 0.017238 4.42422 0.884152 0.467199 -0.000319677 7.83275 -0.00777097 0.0153903 0.999851 0
0.46769 -0.883701 0.0184305 4.85299 0.883817 0.46782 0.00330975 8.66748 -0.011547 0.0147413 0.999825 0
0.468861 -0.883031 0.0206382 5.28767 0.883156 0.469051 0.00526184 9.50473 -0.0143267 0.0157596 0.999773 0
0.470059 -0.882374 0.0214494 5.72325 0.882497 0.470276 0.00623289 10.3444 -0.0155869 0.0159992 0.99975 0
0.471225 -0.881786 0.0200282 6.16101 0.881914 0.471391 0.00424908 11.1861 -0.0131879 0.0156608 0.99979 0
0.472169 -0.881351 0.0166713 6.59997 0.881469 0.472242 0.000556959 12.0317 -0.00836376 0.0144322 0.999861 0
0.473333 -0.880751 0.0152392 7.04509 0.880872 0.473345 -0.00303896 12.8821 -0.00453683 0.0148622 0.999879 0
0.474012 -0.880339 0.0177845 7.49694 0.880502 0.47403 -0.00344477 13.7394 -0.00539784 0.0172922 0.999836 0
0.473741 -0.880392 0.0218894 7.95138 0.880603 0.473856 3.60701e-05 14.6034 -0.0104042 0.0192588 0.99976 0
0.472806 -0.880767 0.0265221 8.40883 0.881046 0.473024 0.00226724 15.4717 -0.0145425 0.0222953 0.999646 0
0.471956 -0.88099 0.0333741 8.87194 0.881507 0.472168 -0.00171097 16.3343 -0.0142508 0.030227 0.999441 0
0.4707 -0.881625 0.0343317 9.33046 0.882233 0.470766 -0.00664667 17.201 -0.0103023 0.0334172 0.999388 0
0.469461 -0.882397 0.0313481 9.78253 0.882932 0.469398 -0.00977973 18.0758 -0.00608514 0.0322695 0.999461 0
0.467851 -0.883298 0.0300031 10.2455 0.883798 0.467738 -0.0111059 18.9736 -0.00422377 0.0317126 0.999488 0
0.466823 -0.883801 0.0311821 10.7302 0.88433 0.466761 -0.00968901 19.9177 -0.00599144 0.0320983 0.999467 0
0.465791 -0.884392 0.029825 11.2026 0.884845 0.465857 -0.00510947 20.8488 -0.00937542 0.0287704 0.999542 0
0.464619 -0.885 0.0300683 11.678 0.885446 0.464728 -0.00369211 21.7826 -0.0107061 0.0283393 0.999541 0
0.46366 -0.885487 0.0305233 12.1481 0.885922 0.463831 -0.00165071 22.7028 -0.0126959 0.0278066 0.999533 0
0.463418 -0.885528 0.0329136 12.6188 0.885989 0.463705 0.00121947 23.6263 -0.016342 0.0285959 0.999457 0
0.462873 -0.885964 0.0285788 13.0754 0.886236 0.463199 0.00567598 24.5463 -0.0182664 0.0227003 0.999575 0
0.462997 -0.885917 0.0280198 13.5338 0.886169 0.463322 0.00611929 25.4595 -0.0184034 0.0219971 0.999589 0
0.462876 -0.885993 0.0275979 13.9915 0.886262 0.463161 0.00461819 26.3644 -0.0168739 0.0223213 0.999608 0
0.463143 -0.885955 0.0241468 14.4414 0.886168 0.46335 0.00350303 27.2662 -0.0142919 0.0197757 0.999702 0
0.462393 -0.88635 0.024015 14.8951 0.886568 0.462589 0.00303257 28.1607 -0.013797 0.0198887 0.999707 0
0.461154 -0.886921 0.0265914 15.3508 0.887189 0.461395 0.00337422 29.0528 -0.0152618 0.0220356 0.999641 0
0.460339 -0.887332 0.0270008 15.7995 0.887591 0.46061 0.00449022 29.9443 -0.0164212 0.0218986 0.999625 0
0.460131 -0.887537 0.0236138 16.2387 0.887735 0.460338 0.00393647 30.8291 -0.0143641 0.0191515 0.999713 0
0.459627 -0.887879 0.0203457 16.6752 0.888068 0.459711 -0.000614039 31.7072 -0.00880793 0.0183506 0.999793 0
0.459277 -0.888087 0.0191236 17.1165 0.888264 0.45933 -0.00178155 32.5856 -0.00720185 0.017805 0.999816 0
0.458886 -0.888241 0.0212749 17.5602 0.888429 0.459013 0.00126425 33.4644 -0.0108884 0.0183211 0.999773 0
0.458524 -0.88832 0.0253511 18.0028 0.888568 0.458736 0.00293886 34.3374 -0.0142401 0.0211786 0.999674 0
0.458234 -0.888424 0.026911 18.4403 0.888704 0.458471 0.00302502 35.206 -0.0150254 0.0225298 0.999633 0
0.45814 -0.888402 0.0291567 18.8768 0.888766 0.45836 0.000957754 36.0663 -0.0142151 0.0254747 0.999574 0
0.457718 -0.888536 0.0315887 19.3174 0.889008 0.457888 -0.00206944 36.9258 -0.0126253 0.0290298 0.999499 0
0.456666 -0.889027 0.032956 19.752 0.889542 0.456847 -0.00224778 37.7826 -0.0130575 0.0303422 0.999454 0
0.455563 -0.889419 0.0373697 20.1881 0.890035 0.455892 0.000298362 38.6429 -0.0173019 0.0331244 0.999301 0
0.454855 -0.889567 0.0421624 20.62 0.890267 0.455418 0.00431872 39.5038 -0.0230433 0.0355714 0.999101 0
0.454283 -0.889876 0.0418069 21.0411 0.890504 0.454924 0.0068348 40.3605 -0.0251011 0.0341243 0.999102 0
0.453117 -0.890589 0.0391998 21.4618 0.891175 0.453632 0.00493403 41.205 -0.0221765 0.0326982 0.999219 0
0.451998 -0.891377 0.0338345 21.8771 0.891905 0.452221 -0.00119288 42.0332 -0.0142374 0.0307163 0.999427 0
0.451232 -0.891887 0.0304576 22.2897 0.892367 0.45127 -0.00599766 42.8534 -0.00839536 0.0298857 0.999518 0
0.450039 -0.892636 0.0258214 22.6907 0.892966 0.450112 -0.00324166 43.6741 -0.00872889 0.0245165 0.999661 0
0.449183 -0.893102 0.0245859 23.0886 0.893362 0.449337 0.000846939 44.4838 -0.0118037 0.0215837 0.999697 0
0.447876 -0.893799 0.0230393 23.4796 0.89399 0.448071 0.0038534 45.2798 -0.0137674 0.0188711 0.999727 0
0.446803 -0.894352 0.0223895 23.8644 0.894541 0.446975 0.00307411 46.0618 -0.0127569 0.0186548 0.999745 0
0.44532 -0.895111 0.0216134 24.2419 0.895269 0.445504 0.00439074 46.8329 -0.0135591 0.0173945 0.999757 0
0.443958 -0.895802 0.021002 24.6117 0.895928 0.44416 0.00595798 47.594 -0.0146654 0.0161712 0.999762 0
0.44248 -0.896522 0.0214348 24.9783 0.896652 0.442693 0.00622139 48.3407 -0.0150666 0.0164667 0.999751 0
0.441151 -0.897159 0.0221727 25.3382 0.897294 0.441382 0.00666158 49.078 -0.0157631 0.0169567 0.999732 0
0.439875 -0.897811 0.0211096 25.6893 0.897881 0.440134 0.00955677 49.8053 -0.0178712 0.0147501 0.999731 0
0.438641 -0.898396 0.0218749 26.0336 0.89838 0.438983 0.0143823 50.525 -0.0225237 0.0133433 0.999657 0
0.436916 -0.899265 0.0206501 26.3741 0.899169 0.437264 0.0171718 51.2262 -0.0244716 0.0110653 0.999639 0
0.435598 -0.899993 0.0163629 26.6981 0.899887 0.435835 0.0158671 51.9094 -0.0214118 0.00781313 0.99974 0
0.434605 -0.900542 0.0118956 27.0129 0.900515 0.434719 0.0095633 52.5729 -0.0137834 0.0065559 0.999884 0
0.433324 -0.901182 0.0100776 27.3213 0.901205 0.433377 0.00368997 53.2186 -0.00769274 0.00748306 0.999942 0
0.432912 -0.901399 0.00815022 27.6183 0.90142 0.43294 0.00202263 53.8517 -0.00535176 0.00647115 0.999965 0
0.432229 -0.901732 0.00765951 27.9063 0.901722 0.432275 0.00598493 54.4682 -0.00870781 0.00431989 0.999953 0
0.430993 -0.902316 0.00838192 28.1872 0.90227 0.431062 0.00971261 55.0664 -0.012377 0.00337669 0.999918 0
0.429827 -0.902863 0.00935006 28.463 0.902864 0.429887 0.0057595 55.6373 -0.00921951 0.00596624 0.99994 0
0.429858 -0.902786 0.0141322 28.7356 0.902886 0.429878 -0.00174453 56.1883 -0.0045002 0.0135097 0.999899 0
0.430682 -0.902372 0.0154393 28.9972 0.902503 0.430599 -0.00847488 56.7252 0.00099933 0.017584 0.999845 0
0.433292 -0.901147 0.013859 29.2466 0.901251 0.433206 -0.00882172 57.2529 0.00194586 0.0163128 0.999865 0
0.436696 -0.899552 0.0101311 29.4888 0.899608 0.436684 -0.00348206 57.7725 -0.00129178 0.0106346 0.999943 0
0.440728 -0.897551 0.0127078 29.7353 0.897629 0.440749 -0.00123356 58.2724 -0.00449377 0.0119506 0.999919 0
0.445254 -0.895213 0.018528 29.9878 0.895364 0.445335 0.000278316 58.7552 -0.00850031 0.0164654 0.999828 0
0.452069 -0.891639 0.0247524 30.2366 0.891885 0.452256 0.00224213 59.2255 -0.0131936 0.0210627 0.999691 0
0.461203 -0.887016 0.0222265 30.4729 0.887197 0.461379 0.00327163 59.6817 -0.0131568 0.0182104 0.999748 0
0.474127 -0.880291 0.0170959 30.7004 0.88036 0.474272 0.00557125 60.1289 -0.0130124 0.012409 0.999838 0
0.48964 -0.87183 0.0128475 30.9324 0.871812 0.489761 0.00886867 60.5603 -0.0140242 0.00685811 0.999878 0
0.508127 -0.861166 0.0141626 31.1775 0.861151 0.508268 0.00910841 60.9662 -0.0150422 0.00756787 0.999858 0
0.529761 -0.847958 0.0178857 31.4315 0.847984 0.529955 0.00842606 61.3531 -0.0166236 0.010703 0.999805 0
0.553869 -0.832363 0.0200248 31.6917 0.832389 0.554112 0.00939323 61.7249 -0.0189145 0.0114658 0.999755 0
0.58039 -0.814057 0.0213937 31.9596 0.814057 0.58068 0.0110381 62.0848 -0.0214085 0.0110093 0.99971 0
0.609687 -0.792335 0.0220796 32.2379 0.792309 0.610002 0.0120274 62.4279 -0.0229983 0.0101609 0.999684 0
0.641553 -0.766758 0.0221873 32.5264 0.766702 0.641876 0.0127687 62.7549 -0.024032 0.00881926 0.999672 0
0.675195 -0.737285 0.0228361 32.8268 0.737208 0.675536 0.0132843 63.0603 -0.0252209 0.00786548 0.999651 0
0.710318 -0.703572 0.0208806 33.1363 0.703445 0.710609 0.014126 63.3429 -0.0247766 0.00465442 0.999682 0
0.747131 -0.664401 0.0191392 33.4568 0.664274 0.747371 0.013268 63.6003 -0.0231194 0.0028007 0.999729 0
0.784043 -0.620434 0.0183882 33.7873 0.62031 0.784257 0.0124997 63.8312 -0.0221763 0.00160614 0.999753 0
0.820134 -0.571897 0.0177008 34.1276 0.571765 0.820325 0.0122925 64.0367 -0.0215505 3.92143e-05 0.999768 0
0.8545 -0.519178 0.0168183 34.4752 0.519049 0.854665 0.0116332 64.2141 -0.0204137 -0.00121105 0.999791 0
0.886213 -0.462955 0.0172669 34.831 0.462871 0.886382 0.00883508 64.3619 -0.0193953 0.000162596 0.999812 0
0.914111 -0.405088 0.0174611 35.1916 0.405005 0.914278 0.00818103 64.4848 -0.0192784 -0.000406525 0.999814 0
0.938026 -0.346017 0.0194942 35.5574 0.345921 0.938228 0.00821466 64.5865 -0.0211324 -0.000962123 0.999776 0
0.957913 -0.286213 0.0219993 35.9328 0.286039 0.958158 0.0107428 64.6635 -0.0241535 -0.00399803 0.9997 0
0.973808 -0.226134 0.0236788 36.308 0.225931 0.974082 0.010964 64.716 -0.0255444 -0.00532705 0.999659 0
0.985754 -0.166505 0.0237852 36.6873 0.166354 0.986032 0.00823212 64.7391 -0.0248237 -0.00415808 0.999683 0
0.993772 -0.108774 0.0242075 37.0634 0.10875 0.994066 0.00231919 64.7373 -0.0243162 0.000327809 0.999704 0
0.998292 -0.053376 0.0237451 37.4382 0.0532994 0.998571 0.00384865 64.7243 -0.0239166 -0.00257647 0.999711 0
0.999724 0.000760232 0.0234818 37.8145 -0.000963361 0.999962 0.0086404 64.6982 -0.0234743 -0.00866064 0.999687 0
0.998423 0.0514238 0.02251 38.1898 -0.0516682 0.99861 0.0104131 64.6527 -0.0219432 -0.0115597 0.999692 0
0.99499 0.0976194 0.0215702 38.5612 -0.097748 0.995199 0.0049872 64.5796 -0.0209797 -0.00707066 0.999755 0
0.98992 0.139885 0.0221418 38.9324 -0.13969 0.990143 -0.0101539 64.478 -0.023344 0.00695858 0.999703 0
0.983969 0.176771 0.0236171 39.3041 -0.176418 0.984181 -0.0162863 64.3743 -0.0261224 0.0118588 0.999588 0
0.977387 0.210345 0.0216811 39.6771 -0.210087 0.977588 -0.0135787 64.2774 -0.0240514 0.00871671 0.999673 0
0.970257 0.241245 0.0200339 40.0554 -0.241263 0.970459 -0.00157869 64.1839 -0.0198229 -0.00330169 0.999798 0
0.962804 0.26953 0.019025 40.4327 -0.269679 0.962934 0.00569575 64.0724 -0.0167847 -0.0106145 0.999803 0
0.955496 0.294511 0.0170724 40.8139 -0.294643 0.95559 0.00573263 63.9376 -0.0146259 -0.0105078 0.999838 0
0.948155 0.31752 0.0135623 41.1949 -0.317558 0.948238 0.000717583 63.7822 -0.0126325 -0.00498721 0.999908 0
0.941519 0.336937 0.0038438 41.5809 -0.336918 0.941522 -0.00477094 63.6105 -0.00522653 0.00319689 0.999981 0
0.934698 0.355413 -0.00454366 41.9759 -0.35543 0.934696 -0.00367632 63.4405 0.00294032 0.00505121 0.999983 0
0.92816 0.372152 -0.00460453 42.3894 -0.372159 0.928169 -0.000558872 63.2657 0.00406579 0.00223234 0.999989 0
0.922286 0.386503 0.00168491 42.8183 -0.386505 0.922287 0.000443563 63.0767 -0.00138254 -0.00106032 0.999999 0
0.916497 0.400008 0.00525845 43.2491 -0.400009 0.916511 -0.000794453 62.8722 -0.00513721 -0.00137532 0.999986 0
0.910932 0.412503 0.00663441 43.6846 -0.412488 0.910956 -0.00352258 62.6531 -0.00749673 0.000472213 0.999972 0
0.905908 0.423433 0.00585154 44.1271 -0.423392 0.905919 -0.00707485 62.4219 -0.00829675 0.00393167 0.999958 0
0.901384 0.433003 0.00379482 44.5802 -0.432953 0.901365 -0.00968603 62.1797 -0.0076146 0.00708786 0.999946 0
0.897632 0.440739 0.00223134 45.0475 -0.44069 0.897589 -0.0112368 61.929 -0.0069553 0.00910316 0.999934 0
0.894916 0.446233 0.00120199 45.5275 -0.446184 0.894852 -0.0126191 61.6687 -0.00670668 0.0107568 0.99992 0
0.892325 0.451393 -0.000445854 46.0234 -0.451358 0.892243 -0.0133413 61.3998 -0.00562435 0.012106 0.999911 0
0.88943 0.45707 -0.00138116 46.5363 -0.457047 0.889347 -0.0130388 61.1209 -0.0047313 0.0122283 0.999914 0
0.88722 0.461339 -0.00251357 47.0647 -0.461322 0.887106 -0.015007 60.8285 -0.00469353 0.0144741 0.999884 0
0.885625 0.464391 -0.00320392 47.6038 -0.464377 0.885483 -0.0165698 60.5224 -0.00485783 0.0161624 0.999858 0
0.883973 0.467526 -0.00332635 48.1597 -0.467508 0.883813 -0.0176258 60.2076 -0.00530063 0.0171358 0.999839 0
0.882504 0.470291 -0.00344169 48.7285 -0.470266 0.882317 -0.0191708 59.8806 -0.00597922 0.0185369 0.99981 0
0.881741 0.471702 -0.00547777 49.309 -0.471693 0.881456 -0.0232522 59.541 -0.00613969 0.0230863 0.999715 0
0.881861 0.471455 -0.00717778 49.9042 -0.471469 0.881483 -0.0265274 59.1939 -0.00617938 0.0267776 0.999622 0
0.882547 0.470154 -0.00810804 50.5144 -0.470181 0.882104 -0.0286953 58.8398 -0.00633906 0.0291372 0.999555 0
0.884032 0.46733 -0.0095086 51.1441 -0.467389 0.883519 -0.0306998 58.4833 -0.00594589 0.0315838 0.999483 0
0.88573 0.464097 -0.00985166 51.7884 -0.464163 0.885184 -0.0316472 58.1197 -0.00596681 0.0326036 0.999451 0
0.88752 0.46068 -0.00907055 52.4549 -0.460708 0.886909 -0.0337609 57.7559 -0.00750824 0.0341424 0.999389 0
0.889306 0.457246 -0.00786396 53.1351 -0.457229 0.888679 -0.0345255 57.3896 -0.00879808 0.0342993 0.999373 0
0.891144 0.453697 -0.00464768 53.834 -0.453587 0.890586 -0.0333901 57.0228 -0.0110098 0.0318635 0.999432 0
0.892964 0.450118 -0.00309971 54.5405 -0.449968 0.89244 -0.032846 56.6549 -0.0120183 0.0307251 0.999456 0
0.894771 0.446518 -0.00252175 55.2543 -0.446381 0.894322 -0.0305264 56.2883 -0.0113753 0.0284398 0.999531 0
0.896323 0.443377 -0.0045741 55.9756 -0.443328 0.89594 -0.0274297 55.9228 -0.00806358 0.0266137 0.999613 0
0.896897 0.442178 -0.0073242 56.7006 -0.442234 0.896684 -0.0196688 55.561 -0.0021296 0.0208799 0.99978 0
0.896749 0.442448 -0.0090085 57.4296 -0.442538 0.896607 -0.0159819 55.193 0.00100592 0.0183184 0.999832 0
0.896769 0.44243 -0.00781173 58.161 -0.442498 0.896665 -0.0137264 54.8217 0.000931553 0.015766 0.999875 0
0.896732 0.442556 -0.00390164 58.8951 -0.442569 0.896648 -0.0124903 54.4512 -0.00202928 0.0129272 0.999914 0
0.896678 0.442667 -0.00374392 59.6241 -0.442675 0.896578 -0.01366 54.0766 -0.0026901 0.0139059 0.9999 0
0.896737 0.44256 -0.00164495 60.3547 -0.442546 0.896664 -0.0121097 53.7029 -0.00388431 0.0115872 0.999925 0
0.8966 0.44284 -0.000803165 61.0824 -0.442823 0.896546 -0.0106749 53.3283 -0.0040072 0.00992677 0.999943 0
0.896635 0.44277 -0.000357324 61.8086 -0.442758 0.896604 -0.0081809 52.9585 -0.00330188 0.00749349 0.999966 0
0.896115 0.443822 0.000144303 62.5343 -0.443815 0.896105 -0.00495569 52.5894 -0.00232875 0.00437682 0.999988 0
0.8949 0.446265 0.00152748 63.2596 -0.44626 0.8949 -0.00245621 52.2193 -0.00246306 0.0015164 0.999996 0
0.893173 0.449694 0.00414891 63.9831 -0.449696 0.893182 -0.000516773 51.8468 -0.00393812 -0.00140418 0.999991 0
0.890967 0.454007 0.00744846 64.7055 -0.454021 0.890991 0.000261244 51.4703 -0.00651791 -0.00361452 0.999972 0
0.888136 0.459458 0.0106397 65.4239 -0.459494 0.88818 0.00110723 51.089 -0.00894121 -0.00587224 0.999943 0
0.88462 0.466177 0.0112569 66.1345 -0.466223 0.884665 0.00174143 50.6996 -0.00914678 -0.00678874 0.999935 0
0.880522 0.473881 0.010884 66.8367 -0.473934 0.880556 0.00287034 50.3085 -0.00822373 -0.00768568 0.999937 0
0.875654 0.482831 0.0102291 67.5326 -0.482879 0.875682 0.00281795 49.9067 -0.00759683 -0.00740695 0.999944 0
0.870686 0.491729 0.0104036 68.2208 -0.491771 0.870723 0.00179849 49.5012 -0.0081743 -0.00668213 0.999944 0
0.865302 0.501098 0.0123782 68.902 -0.501156 0.865355 0.00191478 49.0931 -0.00975207 -0.00786029 0.999922 0
0.859639 0.510745 0.0126312 69.5767 -0.510794 0.859703 0.000755335 48.6747 -0.0104733 -0.00710125 0.99992 0
0.853883 0.520312 0.0125999 70.2416 -0.520359 0.853948 0.000514527 48.252 -0.010492 -0.00699582 0.99992 0
0.848028 0.529811 0.0121986 70.8975 -0.529859 0.848085 0.000855525 47.8262 -0.00989222 -0.00718907 0.999925 0
0.842291 0.538898 0.0116232 71.5452 -0.538951 0.842335 0.00183823 47.3967 -0.00880005 -0.00781269 0.999931 0
0.83664 0.547652 0.0105091 72.1822 -0.547699 0.836673 0.00194374 46.963 -0.00772818 -0.00738203 0.999943 0
0.831327 0.555698 0.00971418 72.8087 -0.555738 0.831356 0.00174124 46.5279 -0.00710834 -0.00684608 0.999951 0
0.825912 0.563725 0.00906573 73.4235 -0.563759 0.825938 0.00152934 46.0873 -0.0066256 -0.00637399 0.999958 0
0.820447 0.571654 0.0088727 74.0304 -0.571686 0.820471 0.00138902 45.6493 -0.00648576 -0.00621202 0.99996 0
0.815435 0.578789 0.00834273 74.6247 -0.57881 0.815462 0.000135889 45.2061 -0.00672453 -0.00493966 0.999965 0
0.81101 0.584965 0.00881634 75.2104 -0.584974 0.81105 -0.00184188 44.7631 -0.00822793 -0.00366354 0.999959 0
0.807771 0.589432 0.00873454 75.7855 -0.589411 0.807818 -0.00509115 44.3213 -0.0100568 -0.00103574 0.999949 0
0.805323 0.592773 0.00862952 76.3537 -0.592711 0.805367 -0.00879607 43.8808 -0.012164 0.00196886 0.999924 0
0.803557 0.595164 0.0087208 76.9131 -0.595073 0.803596 -0.0110557 43.4474 -0.0135879 0.00369435 0.999901 0
0.802423 0.596687 0.00906717 77.4608 -0.596581 0.802463 -0.0120212 43.0234 -0.0144489 0.00423677 0.999887 0
0.801815 0.597507 0.00885521 77.9973 -0.597399 0.801851 -0.0122026 42.608 -0.0143917 0.00449409 0.999886 0
0.802158 0.597067 0.00737132 78.5191 -0.596964 0.802173 -0.0123985 42.2021 -0.0133158 0.00554518 0.999896 0
0.803744 0.594947 0.00577249 79.0281 -0.594851 0.803737 -0.0126022 41.8086 -0.0121372 0.00669514 0.999904 0
0.806611 0.591062 0.00492394 79.5276 -0.590975 0.806595 -0.0123659 41.4304 -0.0112806 0.00706455 0.999911 0
0.811026 0.584989 0.00494175 80.0149 -0.584911 0.811016 -0.0115264 41.0706 -0.0107506 0.0064577 0.999921 0
0.817239 0.576277 0.00498197 80.492 -0.576208 0.817233 -0.010694 40.7281 -0.0102341 0.00586888 0.99993 0
0.824847 0.565335 0.00487702 80.9553 -0.565269 0.824841 -0.0104523 40.4043 -0.0099318 0.00586471 0.999933 0
0.834076 0.551633 0.00430104 81.4109 -0.551584 0.834072 -0.00889632 40.104 -0.00849488 0.00504782 0.999951 0
0.845163 0.534504 0.00242689 81.8658 -0.53448 0.845155 -0.00673048 39.8223 -0.00564856 0.00439123 0.999974 0
0.857694 0.51416 0.00025591 82.3211 -0.514155 0.857689 -0.00383627 39.5556 -0.00219195 0.00315877 0.999993 0
0.871542 0.49032 -0.000889326 82.7818 -0.490321 0.87154 -0.00184335 39.3017 -0.000128747 0.00204261 0.999998 0
0.886981 0.461805 -0.000537563 83.2475 -0.461806 0.88698 -0.00110863 39.064 -3.51642e-05 0.00123159 0.999999 0
0.903563 0.428454 0.00130781 83.7202 -0.428451 0.903563 -0.00194624 38.8449 -0.00201557 0.00119821 0.999997 0
0.920545 0.390609 0.00462179 84.1987 -0.390601 0.920556 -0.00263699 38.6488 -0.00528465 0.000622192 0.999986 0
0.937059 0.349041 0.00950055 84.6831 -0.349031 0.937107 -0.00277397 38.4799 -0.00987126 -0.000716609 0.999951 0
0.952781 0.303328 0.0141381 85.1745 -0.303344 0.952881 -0.00104367 38.3336 -0.0137885 -0.0032943 0.9999 0
0.967211 0.253413 0.016862 85.6657 -0.253465 0.967344 0.000976115 38.221 -0.016064 -0.00521804 0.999857 0
0.979891 0.198796 0.0171323 86.1521 -0.198854 0.980027 0.00176957 38.137 -0.0164383 -0.00514082 0.999852 0
0.990183 0.139009 0.0146317 86.6349 -0.139005 0.990291 -0.00132946 38.078 -0.0146745 -0.000717463 0.999892 0
0.997142 0.0748889 0.00998101 87.111 -0.0748644 0.99719 -0.00280977 38.0537 -0.0101634 0.00205452 0.999946 0
0.999957 0.00834822 0.0040106 87.5821 -0.00832503 0.999949 -0.00576276 38.0626 -0.0040585 0.00572913 0.999975 0
0.998232 -0.0594357 -0.000276994 88.0482 0.059434 0.998223 -0.00435582 38.1111 0.000535394 0.00433166 0.99999 0
0.991852 -0.127347 -0.00354981 88.5069 0.127337 0.991856 -0.00280605 38.1936 0.00387824 0.00233117 0.99999 0
0.980806 -0.194901 -0.00581042 88.9595 0.194879 0.980819 -0.00409484 38.3057 0.00649705 0.00288391 0.999975 0
0.96535 -0.260901 -0.00549617 89.4025 0.260868 0.965355 -0.00607645 38.4441 0.00689111 0.00443212 0.999966 0
0.945644 -0.325204 -0.000972553 89.8374 0.325192 0.945629 -0.00605193 38.6161 0.00288778 0.0054067 0.999981 0
0.921686 -0.387901 0.00526877 90.2574 0.387924 0.92168 -0.0044486 38.8197 -0.00313051 0.0061441 0.999976 0
0.894419 -0.447117 0.0100976 90.6637 0.447157 0.894453 -0.00205442 39.0533 -0.00811326 0.00635272 0.999947 0
0.864978 -0.501574 0.0153863 91.0579 0.50162 0.865088 0.000988549 39.3127 -0.0138064 0.00686302 0.999881 0
0.835027 -0.549902 0.0183926 91.4389 0.549896 0.835213 0.00582174 39.5964 -0.0185631 0.00525269 0.999814 0
0.805974 -0.591651 0.0188515 91.8064 0.591589 0.806186 0.00929168 39.9 -0.0206953 0.00366351 0.999779 0
0.779545 -0.626133 0.0163385 92.1625 0.62592 0.779712 0.0165136 40.2298 -0.023079 -0.00264653 0.99973 0
0.755674 -0.654832 0.0123374 92.5086 0.654609 0.755755 0.0179539 40.5668 -0.0210809 -0.00549111 0.999763 0
0.733814 -0.679284 0.00954223 92.8534 0.679064 0.73384 0.0187218 40.9107 -0.0197199 -0.00725855 0.999779 0
0.717335 -0.696601 0.0133618 93.2045 0.696466 0.717459 0.0136857 41.2552 -0.01912 -0.000511155 0.999817 0
0.705669 -0.708365 0.0158203 93.5524 0.708274 0.70584 0.0117562 41.6084 -0.0194943 0.00290911 0.999806 0
0.696362 -0.717575 0.012933 93.8987 0.717442 0.696482 0.0138171 41.9782 -0.0189224 -0.000343023 0.999821 0
0.689057 -0.724652 0.00896185 94.2463 0.724457 0.689091 0.017736 42.3608 -0.0190279 -0.00572862 0.999803 0
0.684525 -0.728983 0.00313222 94.5997 0.728772 0.684419 0.0214859 42.7521 -0.0178066 -0.0124249 0.999764 0
0.682336 -0.731029 -0.00379679 94.9567 0.730907 0.682105 0.0225338 43.1487 -0.0138831 -0.0181507 0.999739 0
0.681751 -0.731556 -0.00646536 95.3305 0.731491 0.681497 0.021951 43.5483 -0.0116522 -0.0196944 0.999738 0
0.683352 -0.730054 -0.00717225 95.7137 0.730033 0.683144 0.0191422 43.951 -0.00907514 -0.0183168 0.999791 0
0.686487 -0.727081 -0.00944271 96.1079 0.727139 0.686386 0.0119644 44.3563 -0.0022177 -0.0150795 0.999884 0
0.689546 -0.724144 -0.0118775 96.5077 0.724235 0.689518 0.00698343 44.7697 0.00313273 -0.0134175 0.999905 0
0.69272 -0.721049 -0.0150703 96.9168 0.721203 0.692637 0.0110042 45.2034 0.00250361 -0.0184916 0.999826 0
0.696833 -0.717065 -0.015511 97.3361 0.717232 0.696625 0.0171099 45.6471 -0.0014636 -0.0230478 0.999733 0
0.700384 -0.713678 -0.0112304 97.7747 0.713741 0.700143 0.0193124 46.0888 -0.00591993 -0.0215417 0.99975 0
0.703058 -0.711116 -0.00484969 98.2272 0.711036 0.702834 0.0212845 46.5343 -0.0117272 -0.0184125 0.999762 0
0.705564 -0.708646 -2.9047e-05 98.6863 0.708448 0.705367 0.0236528 46.9882 -0.016741 -0.0167092 0.99972 0
0.707864 -0.706339 0.00372293 99.153 0.706119 0.707757 0.0218258 47.4461 -0.0180513 -0.0128208 0.999755 0
0.708345 -0.705848 0.00505508 99.6263 0.705698 0.708314 0.0167884 47.9053 -0.0154307 -0.00832462 0.999846 0
0.708171 -0.706036 0.00267829 100.104 0.705978 0.708153 0.0107094 48.3729 -0.00945787 -0.00569328 0.999939 0
0.707777 -0.70643 -0.00273637 100.582 0.706434 0.707762 0.00485062 48.8516 -0.00148992 -0.00536622 0.999985 0
0.706152 -0.708016 -0.00793602 101.071 0.708054 0.706148 0.00381329 49.344 0.00290413 -0.0083119 0.999961 0
0.704307 -0.709877 -0.00505398 101.574 0.709895 0.704284 0.00580495 49.8492 -0.000561371 -0.00767627 0.99997 0
0.703035 -0.711153 0.0018261 102.091 0.711113 0.703018 0.00910594 50.3643 -0.0077595 -0.00510322 0.999957 0
0.701167 -0.712972 0.0059232 102.61 0.712834 0.701161 0.015518 50.8917 -0.015217 -0.00665846 0.999862 0
0.699798 -0.714333 0.00316824 103.127 0.714192 0.699737 0.0172525 51.4255 -0.014541 -0.00981054 0.999846 0
0.698504 -0.715598 -0.00343841 103.644 0.71553 0.698351 0.0179475 51.9686 -0.010442 -0.0149967 0.999833 0
0.695874 -0.718127 -0.00723049 104.174 0.718148 0.695759 0.0135219 52.5144 -0.00467979 -0.0146021 0.999882 0
0.692853 -0.721026 -0.00870423 104.711 0.721078 0.692783 0.0099209 53.0702 -0.00112308 -0.0131502 0.999913 0
0.690136 -0.723651 -0.00640015 105.258 0.723675 0.690073 0.00971617 53.6386 -0.00261455 -0.0113371 0.999932 0
0.68746 -0.726218 -0.00248685 105.812 0.726211 0.687425 0.00800787 54.2128 -0.00410593 -0.00731107 0.999965 0
0.686039 -0.727565 5.55578e-05 106.373 0.727532 0.686009 0.00937728 54.8002 -0.00686069 -0.00639276 0.999956 0
0.684848 -0.728676 0.00383383 106.944 0.728624 0.684849 0.00940651 55.4036 -0.00947989 -0.00364861 0.999948 0
0.684361 -0.729095 0.0083898 107.519 0.729064 0.684411 0.00693489 56.0046 -0.0107983 0.00137073 0.999941 0
0.683862 -0.729553 0.00926928 108.095 0.7295 0.683924 0.00877703 56.6172 -0.0127428 0.00075967 0.999919 0
0.68425 -0.729232 0.00479832 108.664 0.729167 0.684257 0.0103839 57.2327 -0.0108555 -0.0036064 0.999935 0
0.684696 -0.728826 -0.00189349 109.237 0.728792 0.684635 0.0117081 57.8535 -0.00723682 -0.00939646 0.99993 0
0.68518 -0.728326 -0.00831039 109.813 0.728352 0.685028 0.0154822 58.4773 -0.00558323 -0.016661 0.999846 0
0.687073 -0.726467 -0.0132794 110.392 0.72656 0.68677 0.0213876 59.1086 -0.0064175 -0.0243432 0.999683 0
0.689484 -0.724162 -0.014179 110.98 0.724243 0.689049 0.0261522 59.7388 -0.00916842 -0.0283005 0.999557 0
0.691263 -0.722449 -0.0148907 111.574 0.722551 0.690822 0.0261711 60.3618 -0.00862048 -0.0288504 0.999547 0
0.692791 -0.72095 -0.016513 112.171 0.721119 0.69242 0.0232981 60.9875 -0.00536288 -0.0280485 0.999592 0
0.693648 -0.720235 -0.0106739 112.782 0.720289 0.693422 0.0186874 61.6156 -0.00605781 -0.0206507 0.999768 0
0.693771 -0.72017 -0.00613931 113.395 0.720171 0.693649 0.0143149 62.2452 -0.00605062 -0.0143526 0.999879 0
0.694919 -0.719073 -0.00458446 114.001 0.719062 0.694828 0.0128012 62.8721 -0.00601959 -0.0121923 0.999908 0
0.695593 -0.718415 -0.0054437 114.603 0.718382 0.695428 0.0175188 63.5081 -0.00880009 -0.0160966 0.999832 0
0.696271 -0.717767 -0.00416058 115.206 0.717658 0.696035 0.0224212 64.1414 -0.0131973 -0.0185971 0.99974 0
0.697 -0.717062 -0.0036181 115.808 0.716815 0.696607 0.0302478 64.7713 -0.0191692 -0.0236762 0.999536 0
0.697824 -0.716243 -0.00621305 116.405 0.716138 0.697503 0.0251926 65.3738 -0.0137104 -0.0220294 0.999663 0
0.698307 -0.715707 -0.0114144 117.001 0.715798 0.698226 0.0106648 65.9603 0.000336974 -0.0156177 0.999878 0
0.69799 -0.715968 -0.0141321 117.601 0.71602 0.698077 -0.00181764 66.5452 0.0111667 -0.00885018 0.999898 0
0.697323 -0.71669 -0.00977971 118.206 0.716738 0.697339 0.00223686 67.1505 0.00521663 -0.0085693 0.99995 0
0.696422 -0.717607 0.00604372 118.818 0.717446 0.696408 0.0169147 67.7673 -0.016347 -0.00744371 0.999839 0
0.695118 -0.71865 0.0187747 119.426 0.718043 0.695328 0.0305498 68.3823 -0.0350093 -0.00775468 0.999357 0
0.69479 -0.719078 0.0138732 120.013 0.718588 0.694862 0.0282548 68.9741 -0.0299574 -0.00966203 0.999504 0
0.694207 -0.719775 -0.000636834 120.587 0.719646 0.694066 0.0195445 69.5583 -0.0136256 -0.0140262 0.999809 0
0.693464 -0.720458 -0.00696462 121.169 0.720483 0.693374 0.0116816 70.1394 -0.00358702 -0.0131187 0.999907 0
0.692131 -0.721758 -0.00446471 121.759 0.721767 0.69209 0.00796593 70.7255 -0.00265949 -0.00873594 0.999958 0
0.690138 -0.723674 -0.00225964 122.337 0.723651 0.690082 0.0107368 71.3252 -0.00621064 -0.0090451 0.99994 0
0.687639 -0.726048 -0.00269043 122.906 0.726039 0.687598 0.00870343 71.9194 -0.00446918 -0.00793817 0.999959 0
0.684047 -0.729425 -0.0043199 123.471 0.729434 0.684014 0.00710898 72.511 -0.00223059 -0.00801396 0.999965 0
0.681686 -0.731607 -0.00748546 124.028 0.731641 0.681613 0.0102054 73.1099 -0.00236418 -0.0124336 0.99992 0
0.680013 -0.733079 -0.0133212 124.581 0.733199 0.67987 0.0139826 73.7121 -0.00119368 -0.0192755 0.999813 0
0.678691 -0.734301 -0.0134288 125.14 0.734415 0.678477 0.017444 74.3121 -0.00369806 -0.0217014 0.999758 0
0.677592 -0.735374 -0.00968588 125.701 0.735392 0.677345 0.0200778 74.9099 -0.00820401 -0.0207275 0.999752 0
0.676658 -0.736255 -0.00792744 126.26 0.736237 0.676425 0.0200862 75.5034 -0.00942622 -0.0194279 0.999767 0
0.674784 -0.737964 -0.00871383 126.811 0.737995 0.674628 0.0155218 76.0974 -0.00557593 -0.0169046 0.999842 0
0.671515 -0.740954 -0.00738129 127.359 0.740987 0.671446 0.00993176 76.6843 -0.00240283 -0.0121388 0.999923 0
0.666672 -0.74533 -0.00562116 127.904 0.745351 0.66665 0.00545584 77.2835 -0.000319055 -0.00782699 0.999969 0
0.661579 -0.749871 -0.00249929 128.444 0.749859 0.66154 0.00867252 77.8957 -0.00484989 -0.00761168 0.999959 0
0.656811 -0.754045 0.00396804 128.983 0.753926 0.656786 0.015079 78.5138 -0.0139764 -0.00691247 0.999878 0
0.653508 -0.756828 0.0117737 129.514 0.756586 0.653602 0.0195335 79.1349 -0.0224788 -0.00385752 0.99974 0
0.650218 -0.759698 0.00873525 130.03 0.759263 0.65017 0.028268 79.7626 -0.0271545 -0.011748 0.999562 0
0.647083 -0.762411 0.00361335 130.541 0.762097 0.64694 0.0260002 80.3807 -0.0221604 -0.0140705 0.999655 0
0.641817 -0.766854 -0.00229765 131.052 0.766769 0.641694 0.0171668 80.9927 -0.0116901 -0.0127797 0.99985 0
0.636776 -0.771039 -0.0037583 131.567 0.771034 0.636728 0.00915612 81.6107 -0.00466671 -0.00872818 0.999951 0
0.631666 -0.775238 -0.0019903 132.081 0.775222 0.631631 0.00851998 82.2443 -0.00534787 -0.00692471 0.999962 0
0.625576 -0.780143 -0.00558675 132.587 0.780111 0.625436 0.0160046 82.8926 -0.00899176 -0.0143704 0.999856 0
0.619473 -0.784943 -0.0108577 133.083 0.784976 0.619238 0.0188998 83.5415 -0.00811178 -0.0202309 0.999762 0
0.611655 -0.790961 -0.0160891 133.581 0.791121 0.611466 0.0153895 84.1839 -0.00233455 -0.0221415 0.999752 0
0.604771 -0.796229 -0.0164495 134.078 0.796399 0.604654 0.0119405 84.8302 0.000438875 -0.0203216 0.999793 0
0.598244 -0.801158 -0.0157779 134.572 0.801313 0.598109 0.0127504 85.4885 -0.000778218 -0.0202709 0.999794 0
0.591973 -0.805822 -0.0147877 135.055 0.805919 0.591667 0.0206121 86.1629 -0.00786032 -0.0241195 0.999678 0
0.585555 -0.810507 -0.0142968 135.53 0.810516 0.585078 0.0273467 86.8426 -0.0137999 -0.0276008 0.999524 0
0.57922 -0.815085 -0.0118172 136.006 0.814985 0.578718 0.029756 87.5196 -0.0174148 -0.0268661 0.999487 0
0.574029 -0.818759 -0.0110957 136.476 0.81861 0.573502 0.0311954 88.1956 -0.0191781 -0.0269901 0.999452 0
0.570341 -0.821333 -0.0111122 136.943 0.821202 0.569843 0.0301202 88.8744 -0.0184065 -0.0263041 0.999485 0
0.566783 -0.823672 -0.0179039 137.398 0.823779 0.566272 0.0269173 89.5539 -0.0120325 -0.0300051 0.999477 0
0.563798 -0.825481 -0.0267125 137.844 0.825889 0.563239 0.0258877 90.2382 -0.0063243 -0.036657 0.999308 0
0.561538 -0.826912 -0.0298675 138.293 0.827448 0.561075 0.0229128 90.9242 -0.002189 -0.0375802 0.999291 0
0.558942 -0.828736 -0.0279375 138.753 0.829163 0.55825 0.029086 91.622 -0.00850846 -0.0394221 0.999186 0
0.557056 -0.830098 -0.0250228 139.209 0.830285 0.55603 0.0381787 92.328 -0.0177787 -0.0420437 0.998958 0
0.554419 -0.831958 -0.0215699 139.666 0.831821 0.553135 0.0459964 93.0296 -0.0263361 -0.0434436 0.998709 0
0.550413 -0.83463 -0.0209575 140.116 0.834534 0.549268 0.0430962 93.7189 -0.0244581 -0.0412104 0.998851 0
0.546249 -0.837456 -0.0167284 140.569 0.837474 0.545667 0.0297527 94.3974 -0.0157884 -0.030262 0.999417 0
0.540345 -0.841292 -0.0159455 141.016 0.841406 0.540046 0.0196396 95.0816 -0.00791137 -0.0240288 0.99968 0
0.534516 -0.844954 -0.0185689 141.448 0.845101 0.534097 0.0233237 95.7868 -0.00978987 -0.0281595 0.999556 0
0.528262 -0.848952 -0.0148075 141.885 0.848951 0.527796 0.0266933 96.497 -0.014846 -0.0266719 0.999534 0
0.521934 -0.852943 -0.00856037 142.326 0.852757 0.521534 0.0284251 97.209 -0.0197804 -0.0221359 0.999559 0
0.516962 -0.856008 -0.000292609 142.766 0.855724 0.516781 0.0259545 97.9249 -0.022066 -0.0136679 0.999663 0
0.511768 -0.859112 0.00450328 143.202 0.8588 0.511712 0.0247872 98.6473 -0.0235994 -0.00881788 0.999683 0
0.506547 -0.862202 0.00425319 143.625 0.862034 0.506537 0.0178236 99.3673 -0.0175219 -0.0053621 0.999832 0
0.50046 -0.865744 0.00526442 144.045 0.865725 0.500485 0.00589124 100.082 -0.00773506 0.00160922 0.999969 0
0.494557 -0.869057 0.0123887 144.472 0.869145 0.494508 -0.00694611 100.797 -8.97679e-05 0.0142029 0.999899 0
0.488934 -0.872201 0.0144557 144.887 0.872288 0.488992 0.000536047 101.539 -0.00753626 0.0123474 0.999895 0
0.484208 -0.874873 0.0118607 145.289 0.874726 0.484346 0.0162339 102.301 -0.0199472 0.0025143 0.999798 0
0.479784 -0.877319 0.010893 145.688 0.87689 0.479893 0.0276884 103.059 -0.029519 -0.00373251 0.999557 0
0.476317 -0.879213 0.0103441 146.085 0.878839 0.476418 0.0258262 103.804 -0.0276349 -0.00321071 0.999613 0
0.474918 -0.880019 0.0044503 146.475 0.879862 0.47492 0.017115 104.546 -0.017175 -0.00421256 0.999844 0
0.472495 -0.881275 -0.0101822 146.853 0.881306 0.472358 0.0133441 105.294 -0.00695018 -0.0152786 0.999859 0
0.470819 -0.88214 -0.0126124 147.245 0.882225 0.470717 0.0102711 106.046 -0.00312369 -0.0159628 0.999868 0
0.468382 -0.883513 -0.00485215 147.654 0.883498 0.468317 0.0104917 106.799 -0.00699719 -0.00920098 0.999933 0
0.467922 -0.88377 -0.000414985 148.056 0.883625 0.467837 0.0183145 107.563 -0.0159917 -0.00893645 0.999832 0
0.468205 -0.883619 0.0014354 148.453 0.88334 0.468097 0.0244111 108.331 -0.022242 -0.0101615 0.999701 0
0.466688 -0.88442 0.00157395 148.851 0.884172 0.466598 0.0229315 109.089 -0.0210155 -0.00931021 0.999736 0
0.464982 -0.885319 -0.00158731 149.245 0.885216 0.464899 0.0161562 109.842 -0.0135655 -0.00891746 0.999868 0
0.463233 -0.886235 0.0017685 149.647 0.886234 0.463235 0.00159264 110.585 -0.00223068 0.000829543 0.999997 0
0.461235 -0.887233 0.00900956 150.054 0.88727 0.461163 -0.00895053 111.33 0.00378632 0.0121222 0.999919 0
0.460136 -0.88779 0.0101511 150.45 0.887848 0.460118 -0.00419431 112.095 -0.000947042 0.0109426 0.99994 0
0.458941 -0.888409 0.0101695 150.84 0.888404 0.459015 0.00667078 112.867 -0.0105943 0.00597312 0.999926 0
0.457319 -0.88924 0.0105976 151.224 0.889154 0.457428 0.0128131 113.626 -0.0162416 0.00356326 0.999862 0
0.456564 -0.889621 0.0111282 151.61 0.8896 0.45666 0.00857978 114.373 -0.0127146 0.00598241 0.999901 0
0.456496 -0.889696 0.00726314 151.996 0.889704 0.456527 0.00318242 115.115 -0.0061472 0.00500928 0.999969 0
0.456341 -0.889805 0.000526838 152.37 0.889795 0.456339 0.00443132 115.868 -0.00418343 -0.00155342 0.99999 0
0.455899 -0.890031 -0.00021995 152.749 0.889991 0.455876 0.00963015 116.621 -0.00847087 -0.00458613 0.999954 0
0.455159 -0.890408 -0.00176529 153.127 0.890335 0.455094 0.0138908 117.371 -0.0115651 -0.00789421 0.999902 0
0.45481 -0.890583 -0.00324685 153.503 0.890472 0.454688 0.0178358 118.119 -0.014408 -0.0110031 0.999836 0
0.454335 -0.890804 -0.00694819 153.873 0.890715 0.454136 0.0196799 118.866 -0.0143755 -0.0151301 0.999782 0
0.453839 -0.89106 -0.00644525 154.244 0.891002 0.453688 0.016811 119.604 -0.0120555 -0.0133722 0.999838 0
0.452967 -0.891464 -0.0106611 154.607 0.891505 0.452839 0.0124692 120.335 -0.00628807 -0.0151526 0.999865 0
0.451944 -0.891956 -0.0126808 154.967 0.892033 0.451812 0.0119559 121.065 -0.00493482 -0.016715 0.999848 0
0.453893 -0.890966 -0.0126438 155.295 0.891039 0.453751 0.012645 121.71 -0.00552914 -0.0170056 0.99984 0
0.457095 -0.88932 -0.0131985 155.612 0.88941 0.456976 0.0111262 122.329 -0.00386334 -0.0168246 0.999851 0
0.459778 -0.887931 -0.013502 155.934 0.888028 0.459667 0.0106143 122.96 -0.00321832 -0.0168704 0.999852 0
0.462457 -0.886534 -0.0138086 156.256 0.886638 0.462354 0.0101044 123.59 -0.00257346 -0.0169161 0.999854 0
0.465131 -0.885129 -0.0141184 156.578 0.88524 0.465036 0.00959657 124.219 -0.00192865 -0.0169618 0.999854 0
0.467801 -0.883716 -0.0144314 156.9 0.883833 0.467715 0.00909056 124.85 -0.00128368 -0.0170075 0.999855 0
0.470467 -0.882294 -0.0147476 157.222 0.882417 0.470389 0.00858653 125.48 -0.000638715 -0.0170532 0.999854 0
0.473128 -0.880865 -0.015067 157.544 0.880993 0.473059 0.00808447 126.11 6.27618e-06 -0.0170989 0.999854 0
0.475785 -0.879427 -0.0153896 157.866 0.879561 0.475725 0.00758443 126.74 0.000651267 -0.0171446 0.999853 0
0.478438 -0.877981 -0.0157153 158.188 0.87812 0.478387 0.00708641 127.37 0.00129627 -0.0171903 0.999851 0
0.481086 -0.876527 -0.0160441 158.51 0.876671 0.481044 0.00659044 128 0.00194125 -0.017236 0.99985 0
0.483728 -0.875065 -0.0163761 158.832 0.875214 0.483697 0.00609663 128.63 0.0025861 -0.0172817 0.999847 0
0.486366 -0.873595 -0.0167111 159.154 0.873749 0.486345 0.0056049 129.26 0.00323094 -0.0173273 0.999845 0
0.489 -0.872117 -0.0170492 159.476 0.872275 0.488988 0.00511523 129.89 0.0038758 -0.017373 0.999842 0
0.491628 -0.870632 -0.0173904 159.798 0.870794 0.491627 0.0046278 130.52 0.00452048 -0.0174186 0.999838 0
0.494251 -0.869139 -0.0177346 160.12 0.869304 0.49426 0.00414261 131.149 0.00516499 -0.0174642 0.999834 0
0.500298 -0.865679 -0.0173648 160.436 0.86584 0.500299 0.00461022 131.725 0.0046966 -0.0173416 0.999839 0
0.505534 -0.862725 -0.0118383 160.762 0.862806 0.505471 0.00803257 132.286 -0.000945955 -0.0142749 0.999898 0
0.510576 -0.85983 -0.00210781 161.099 0.859798 0.510531 0.0102961 132.838 -0.00777677 -0.00706922 0.999945 0
0.515425 -0.856924 0.00434574 161.434 0.856885 0.515443 0.00820474 133.381 -0.00927082 -0.000505132 0.999957 0
0.518592 -0.855008 0.00475237 161.763 0.854955 0.518613 0.00958194 133.925 -0.0106573 -0.00090606 0.999943 0
0.51948 -0.854479 0.00232531 162.09 0.854409 0.519469 0.0116625 134.473 -0.0111733 -0.00407167 0.999929 0
0.519518 -0.854455 0.00267899 162.423 0.854371 0.519507 0.0127824 135.023 -0.0123138 -0.00435185 0.999915 0
0.518517 -0.855057 0.00409619 162.758 0.854926 0.518513 0.0156546 135.581 -0.0155095 -0.00461525 0.999869 0
0.518624 -0.85499 0.00455606 163.092 0.854805 0.518611 0.0187552 136.148 -0.0183983 -0.00583234 0.999814 0
0.518746 -0.854918 -0.0041023 163.413 0.854803 0.518582 0.0196233 136.715 -0.0146489 -0.0136862 0.999799 0
0.518029 -0.855253 -0.0137481 163.733 0.855346 0.51785 0.0146338 137.28 -0.00539613 -0.0193401 0.999798 0
0.516288 -0.856239 -0.0173637 164.063 0.856409 0.516253 0.00677652 137.843 0.00316173 -0.018369 0.999826 0
0.513398 -0.858014 -0.0152758 164.405 0.858096 0.513485 -0.00213186 138.407 0.00967307 -0.0120136 0.999881 0
0.510008 -0.860077 -0.0126516 164.745 0.860161 0.510016 0.00281847 138.991 0.00402841 -0.0123199 0.999916 0
0.506414 -0.862182 -0.0136989 165.073 0.862252 0.506178 0.0174575 139.593 -0.00811742 -0.0206526 0.999754 0
0.502783 -0.864407 -0.00314563 165.417 0.864119 0.502514 0.0278878 140.195 -0.0225257 -0.0167397 0.999606 0
0.498941 -0.866602 0.00771505 165.767 0.865973 0.498888 0.0346806 140.794 -0.0339032 -0.0106225 0.999369 0
0.496236 -0.868136 0.00953176 166.106 0.867615 0.496277 0.0308908 141.387 -0.0315478 -0.00705925 0.999477 0
0.494406 -0.869225 0.0032235 166.428 0.868815 0.494281 0.0291097 141.983 -0.0268962 -0.0115914 0.999571 0
0.49094 -0.871193 -0.000694728 166.765 0.871019 0.490826 0.0203642 142.535 -0.0174002 -0.0106027 0.999792 0
0.488865 -0.872354 0.00300654 167.116 0.872286 0.488866 0.0112825 143.096 -0.0113121 -0.00289306 0.999932 0
0.487915 -0.872813 0.01169 167.474 0.872763 0.488029 0.0105891 143.666 -0.0149474 0.00503598 0.999876 0
0.486258 -0.87356 0.0211007 167.831 0.873579 0.486546 0.011513 144.254 -0.0203237 0.0128348 0.999711 0
0.484803 -0.87425 0.0255513 168.181 0.874312 0.485203 0.0124858 144.836 -0.0233132 0.0162867 0.999596 0
0.483894 -0.874718 0.0267295 168.526 0.874869 0.484267 0.00944372 145.426 -0.0212048 0.0188151 0.999598 0
0.483196 -0.875056 0.0282568 168.873 0.875386 0.483423 0.00139094 146.004 -0.0148771 0.0240635 0.9996 0
0.482124 -0.87539 0.0353326 169.223 0.875991 0.482314 -0.00348576 146.594 -0.01399 0.0326316 0.99937 0
