0.477277 -0.87856 0.0184009 0.681346 0.878748 0.477236 -0.00687677 0.552627 -0.00273992 0.0194519 0.999807 0
0.476261 -0.879182 0.0146643 1.08376 0.879302 0.476229 -0.00578645 1.30994 -0.00189622 0.0156502 0.999876 0
0.474985 -0.87989 0.0134826 1.49327 0.879992 0.474958 -0.00537259 2.09552 -0.00167639 0.0144165 0.999895 0
0.474053 -0.88038 0.0142937 1.94578 0.880493 0.474034 -0.00490644 2.88697 -0.00245617 0.0149114 0.999886 0
0.472522 -0.881181 0.0155654 2.38165 0.881311 0.472517 -0.00424679 3.70748 -0.00361272 0.0157246 0.99987 0
0.471339 -0.881792 0.0168006 2.80029 0.881942 0.471341 -0.00409107 4.51596 -0.00431133 0.0167454 0.999851 0
0.470075 -0.882464 0.0169445 3.21991 0.88262 0.470056 -0.00533988 5.32905 -0.00325264 0.0174657 0.999842 0
0.469455 -0.882809 0.0161296 3.63493 0.882952 0.469428 -0.00568327 6.13772 -0.00255443 0.0169097 0.999854 0
0.468643 -0.883255 0.0152959 4.06496 0.883381 0.468635 -0.00432777 6.94763 -0.0033457 0.0155403 0.999874 0
0.468515 -0.88334 0.0142713 4.48587 0.883432 0.468559 -0.000322345 7.75721 -0.00640219 0.0127587 0.999898 0
0.469356 -0.882869 0.0156984 4.90657 0.882946 0.469461 0.0035974 8.59566 -0.0105458 0.0121724 0.99987 0
0.470487 -0.882228 0.0177387 5.35275 0.882305 0.470644 0.00573739 9.42064 -0.0134103 0.0129516 0.999826 0
0.47173 -0.881516 0.019984 5.78955 0.881624 0.471917 0.00570019 10.2425 -0.0144556 0.0149295 0.999784 0
0.473721 -0.880386 0.0225649 6.2241 0.880605 0.47385 0.000406807 11.0547 -0.0110505 0.0196781 0.999745 0
0.47504 -0.879704 0.021411 6.65826 0.879933 0.475088 -0.00315169 11.8971 -0.00739954 0.0203374 0.999766 0
0.476304 -0.879111 0.0172658 7.09635 0.879272 0.476294 -0.00498328 12.7234 -0.00384274 0.0175549 0.999838 0
0.477239 -0.878667 0.0137152 7.55796 0.878769 0.47723 -0.00413285 13.552 -0.00291392 0.0140249 0.999897 0
0.476924 -0.878796 0.0161897 8.03069 0.878912 0.476985 -0.000115067 14.4311 -0.00762111 0.0142842 0.999869 0
0.475886 -0.879228 0.0221519 8.50258 0.879411 0.476055 0.00278673 15.319 -0.0129957 0.0181544 0.999751 0
0.474389 -0.879626 0.0348282 8.97402 0.880217 0.474556 -0.0038448 16.1521 -0.013146 0.0324803 0.999386 0
0.47302 -0.880145 0.0399459 9.43154 0.880987 0.473049 -0.00933818 16.9895 -0.0106774 0.0396089 0.999158 0
0.471936 -0.880851 0.0371248 9.87934 0.881609 0.471811 -0.0126161 17.8326 -0.00640297 0.0386836 0.999231 0
0.47065 -0.881802 0.0302188 10.3334 0.882311 0.470522 -0.0116512 18.6996 -0.00394456 0.032146 0.999475 0
0.469745 -0.882428 0.0256852 10.8003 0.882793 0.469676 -0.00903985 19.5786 -0.00408668 0.0269211 0.999629 0
0.468714 -0.882978 0.0256274 11.2789 0.883318 0.468747 -0.00505829 20.4941 -0.00754642 0.025008 0.999659 0
0.46739 -0.883689 0.0252966 11.7513 0.883993 0.467496 -0.00189378 21.4067 -0.0101526 0.0232472 0.999678 0
0.466647 -0.884047 0.02648 12.2156 0.884364 0.466797 -0.000611619 22.3007 -0.0118201 0.0237034 0.999649 0
0.466302 -0.884185 0.027932 12.6729 0.884517 0.466506 0.00090787 23.1837 -0.0138332 0.024283 0.999609 0
0.465946 -0.884364 0.0281998 13.1228 0.884665 0.466214 0.00341759 24.0651 -0.0161695 0.023355 0.999596 0
0.465944 -0.884333 0.0291888 13.5699 0.884654 0.466233 0.00363637 24.9371 -0.0168246 0.0241277 0.999567 0
0.465905 -0.884331 0.0298549 14.0279 0.884695 0.466165 0.00202317 25.8149 -0.0157065 0.0254699 0.999552 0
0.466047 -0.884311 0.0281916 14.5003 0.884657 0.466242 0.000377874 26.7081 -0.0134783 0.0247638 0.999602 0
0.465705 -0.884559 0.025954 14.9737 0.884857 0.465862 -1.89643e-05 27.622 -0.0120742 0.0229744 0.999663 0
0.464723 -0.885053 0.0267165 15.4398 0.885365 0.464897 0.000321708 28.5466 -0.0127052 0.0235044 0.999643 0
0.463862 -0.885386 0.0303748 15.9152 0.885794 0.464078 8.61867e-05 29.4619 -0.0141726 0.0268658 0.999539 0
0.463395 -0.88557 0.0321024 16.3952 0.886047 0.463592 -0.00143397 30.3671 -0.0136126 0.0291088 0.999484 0
0.462579 -0.886212 0.0254671 16.8365 0.886534 0.462652 -0.00333533 31.2591 -0.00882659 0.0241203 0.99967 0
0.46238 -0.886465 0.0196153 17.2846 0.886664 0.462398 -0.00386974 32.1314 -0.00563966 0.0191814 0.9998 0
0.462164 -0.886617 0.017738 17.7457 0.886775 0.462193 -0.00265168 32.999 -0.00584734 0.0169551 0.999839 0
0.461994 -0.88659 0.0228173 18.2062 0.886827 0.462101 -0.000650724 33.8733 -0.00996698 0.0205356 0.999739 0
0.461699 -0.886611 0.0274928 18.6578 0.886939 0.461886 0.000501651 34.7544 -0.0131433 0.0241528 0.999622 0
0.461198 -0.88677 0.0305684 19.0994 0.887192 0.461399 -0.000525646 35.6152 -0.0136381 0.0273625 0.999533 0
0.461031 -0.886837 0.0311373 19.5574 0.887302 0.461182 -0.00258505 36.4814 -0.0120674 0.0288199 0.999512 0
0.460007 -0.887399 0.0302621 20.0082 0.887843 0.460137 -0.00296371 37.3449 -0.0112947 0.0282314 0.999538 0
0.459259 -0.887685 0.0331131 20.4287 0.888202 0.459449 -0.00208842 38.2126 -0.0133599 0.0303703 0.999449 0
0.45828 -0.888011 0.0376226 20.8681 0.888638 0.458609 0.000120533 39.0674 -0.0173611 0.0333776 0.999292 0
0.457495 -0.888268 0.0409671 21.305 0.888951 0.457991 0.00311748 39.9227 -0.0215317 0.0349915 0.999156 0
0.456623 -0.888706 0.0411883 21.7411 0.889404 0.457113 0.00282565 40.77 -0.0213389 0.0353428 0.999147 0
0.455564 -0.889384 0.0381905 22.1563 0.890084 0.455786 -0.00317952 41.601 -0.0145789 0.0354412 0.999265 0
0.454785 -0.889972 0.0334816 22.5641 0.890564 0.454789 -0.00793674 42.4233 -0.00816359 0.033427 0.999408 0
0.453737 -0.890763 0.0257898 22.9773 0.891121 0.453706 -0.00737358 43.2558 -0.00513286 0.0263275 0.99964 0
0.452982 -0.891295 0.0200284 23.393 0.891495 0.453023 -0.00270939 44.084 -0.00665849 0.0190825 0.999796 0
0.451692 -0.891929 0.0208985 23.8096 0.892121 0.451797 0.000310151 44.9168 -0.0097185 0.0185039 0.999782 0
0.450474 -0.892458 0.0243317 24.1781 0.892734 0.450583 -0.0010805 45.6539 -0.00999917 0.0222085 0.999703 0
0.449311 -0.893044 0.0243213 24.5474 0.893312 0.449438 -0.000292903 46.4018 -0.0106693 0.0218581 0.999704 0
0.447829 -0.893826 0.0228976 24.9187 0.89405 0.447966 0.000937823 47.1602 -0.0110956 0.0200516 0.999737 0
0.446607 -0.894469 0.0216043 25.3051 0.894656 0.446751 0.00209809 47.9211 -0.0115284 0.0183914 0.999764 0
0.445588 -0.894962 0.0222429 25.6676 0.895159 0.445741 0.00218436 48.6583 -0.0118695 0.0189376 0.99975 0
0.444524 -0.895496 0.0220416 26.0213 0.895663 0.444712 0.00426521 49.3919 -0.0136216 0.0178458 0.999748 0
0.443133 -0.896224 0.0204068 26.3726 0.896302 0.443364 0.00846499 50.1157 -0.0166341 0.0145395 0.999756 0
0.441518 -0.897036 0.019726 26.7102 0.897038 0.441786 0.0121446 50.8129 -0.0196088 0.0123329 0.999732 0
0.440057 -0.897749 0.0199204 27.0476 0.897778 0.440313 0.0108895 51.4965 -0.0185472 0.0130922 0.999742 0
0.439132 -0.898206 0.0197133 27.3345 0.898352 0.439267 0.00291114 52.132 -0.0112742 0.0164311 0.999801 0
0.437927 -0.898837 0.0176638 27.6225 0.899 0.437932 -0.0038079 52.7743 -0.00431284 0.0175473 0.999837 0
0.437361 -0.899207 0.0118903 27.9207 0.899285 0.437341 -0.00436025 53.4075 -0.00127934 0.0125997 0.99992 0
0.436769 -0.899545 0.00712407 28.231 0.899568 0.43678 -6.88413e-05 54.0351 -0.00304973 0.00643866 0.999975 0
0.435523 -0.900154 0.00650276 28.5318 0.900157 0.435551 0.00363088 54.6656 -0.00610064 0.00427217 0.999972 0
0.434508 -0.90059 0.0118083 28.825 0.900651 0.434543 0.000413636 55.2414 -0.00550373 0.0104554 0.99993 0
0.434456 -0.900526 0.0173665 29.0967 0.900691 0.434411 -0.0064993 55.7884 -0.00169143 0.0184656 0.999828 0
0.435416 -0.900016 0.0196191 29.3561 0.900226 0.435248 -0.0123563 56.3232 0.00258167 0.0230417 0.999731 0
0.437751 -0.898941 0.0167171 29.605 0.899086 0.437583 -0.0128335 56.8583 0.00422143 0.020648 0.999778 0
0.441294 -0.897282 0.0119799 29.8452 0.89736 0.441222 -0.00824929 57.3833 0.00211613 0.0143907 0.999894 0
0.445713 -0.895122 0.00979939 30.0947 0.895175 0.445698 -0.00374051 57.8728 -0.00101936 0.0104394 0.999945 0
0.450021 -0.892933 0.0123147 30.3574 0.893003 0.450051 -0.000407463 58.336 -0.0051784 0.0111804 0.999924 0
0.456647 -0.889464 0.018082 30.6231 0.8896 0.456739 0.0010796 58.8253 -0.00921904 0.0155928 0.999836 0
0.465725 -0.884649 0.0223076 30.8502 0.884854 0.465867 0.00134877 59.3087 -0.0115856 0.0191109 0.99975 0
0.477829 -0.878196 0.0212235 31.1163 0.878364 0.477985 0.00262833 59.7745 -0.0124527 0.0173861 0.999771 0
0.493271 -0.869708 0.0171053 31.3715 0.869782 0.493411 0.00499936 60.2162 -0.0127879 0.0124118 0.999841 0
0.513087 -0.858231 0.0134425 31.6359 0.858241 0.513201 0.00690232 60.5479 -0.0128225 0.0079954 0.999886 0
0.533961 -0.845415 0.0126038 31.9176 0.845403 0.534071 0.0078215 60.8907 -0.0133437 0.00647892 0.99989 0
0.558476 -0.829355 0.0165977 32.2071 0.829366 0.558647 0.0081426 61.2609 -0.0160253 0.00921808 0.999829 0
0.584684 -0.810987 0.0210955 32.487 0.811034 0.584938 0.00843149 61.6486 -0.0191774 0.0121794 0.999742 0
0.612733 -0.789905 0.0246705 32.7811 0.789997 0.613057 0.0080859 62.0155 -0.0215115 0.0145351 0.999663 0
0.643469 -0.765013 0.0264948 33.077 0.76512 0.643838 0.00804242 62.3545 -0.0232109 0.0150966 0.999617 0
0.677412 -0.735103 0.0271361 33.3891 0.735175 0.677816 0.00912767 62.6793 -0.025103 0.0137666 0.99959 0
0.717922 -0.695725 0.0235578 33.6646 0.695743 0.718237 0.00876193 62.9381 -0.023016 0.0100998 0.999684 0
0.755878 -0.654395 0.0203881 33.979 0.654368 0.756124 0.00885912 63.1513 -0.0212133 0.00664489 0.999753 0
0.792256 -0.609892 0.0190518 34.3012 0.609844 0.792472 0.00886773 63.3567 -0.0205064 0.00459311 0.999779 0
0.82735 -0.561364 0.0190364 34.6604 0.561308 0.827561 0.00866758 63.5711 -0.0206195 0.00351419 0.999781 0
0.860528 -0.509053 0.0188945 35.0175 0.508999 0.86073 0.00796536 63.764 -0.0203179 0.00276287 0.99979 0
0.891687 -0.452272 0.0185544 35.3553 0.452254 0.891873 0.00536809 63.9262 -0.018976 0.00360466 0.999813 0
0.919548 -0.392481 0.0197434 35.6707 0.392489 0.91975 0.0036216 64.0346 -0.0195804 0.00441884 0.999799 0
0.943339 -0.331105 0.0219272 36.0106 0.331124 0.943583 0.00285442 64.115 -0.0216352 0.00456793 0.999755 0
0.962844 -0.268906 0.0249281 36.3577 0.268867 0.963165 0.00496829 64.1714 -0.0253459 0.00191866 0.999677 0
0.978121 -0.206273 0.0270255 36.7221 0.20617 0.978494 0.00656256 64.1967 -0.027798 -0.000847135 0.999613 0
0.989343 -0.14307 0.0270498 37.0975 0.142993 0.989712 0.00476819 64.184 -0.0274537 -0.000849462 0.999623 0
0.996645 -0.0774774 0.026389 37.4588 0.0774697 0.996994 0.00131352 64.1528 -0.0264114 0.000735229 0.999651 0
0.99951 -0.0172154 0.0261283 37.8299 0.0171924 0.999852 0.00110395 64.2189 -0.0261435 -0.000654204 0.999658 0
0.999036 0.0364536 0.0244461 38.2792 -0.0366207 0.999309 0.00641959 64.414 -0.0241952 -0.00730863 0.999681 0
0.995833 0.0884154 0.0223632 38.7617 -0.0886613 0.996009 0.0102469 64.5801 -0.021368 -0.012187 0.999697 0
0.990829 0.133656 0.0198621 39.2155 -0.133831 0.990974 0.00773992 64.6989 -0.0186484 -0.0103271 0.999773 0
0.98419 0.175923 0.0205308 39.678 -0.175992 0.98439 0.00156667 64.7181 -0.0199347 -0.00515514 0.999788 0
0.9769 0.212212 0.0251591 40.0016 -0.212156 0.977223 -0.00491513 64.5482 -0.0256291 -0.00053607 0.999671 0
0.96887 0.245961 0.0281669 40.3034 -0.245851 0.96928 -0.00736199 64.3719 -0.0291123 0.000207959 0.999576 0
0.961063 0.27521 0.0248527 40.5772 -0.275235 0.961374 -0.00245036 64.0988 -0.0245671 -0.00448538 0.999688 0
0.953129 0.301886 0.0202446 40.8629 -0.301965 0.953318 0.000938841 63.807 -0.0190161 -0.007008 0.999795 0
0.945392 0.325503 0.0167611 41.1582 -0.325557 0.945522 0.000523426 63.5689 -0.0156776 -0.00595153 0.999859 0
0.937344 0.348105 0.0144823 41.5721 -0.348077 0.937455 -0.0044959 63.3955 -0.0151416 -0.000826766 0.999885 0
0.929459 0.368788 0.0100652 41.97 -0.36872 0.929506 -0.0080369 63.2472 -0.0123196 0.00375872 0.999917 0
0.922329 0.386376 0.00479697 42.3849 -0.386342 0.922331 -0.00666281 63.1278 -0.00699874 0.00429203 0.999966 0
0.915149 0.403109 0.00225941 42.8332 -0.403107 0.915152 -0.0013504 62.9531 -0.00261206 0.000325038 0.999997 0
0.908573 0.417701 0.00449254 43.259 -0.41771 0.908579 0.001287 62.7562 -0.00354425 -0.00304591 0.999989 0
0.90245 0.43071 0.00856842 43.6651 -0.43073 0.902481 0.000571449 62.5246 -0.00748671 -0.00420638 0.999963 0
0.896708 0.442484 0.0110915 44.0808 -0.442499 0.896768 -0.00112848 62.2946 -0.0104458 -0.00389605 0.999938 0
0.891412 0.453079 0.0102084 44.5256 -0.453043 0.89147 -0.00567863 62.0636 -0.0116733 0.000437163 0.999932 0
0.88632 0.462998 0.00833517 45.0234 -0.462926 0.886349 -0.00924246 61.8107 -0.0116671 0.00433321 0.999923 0
0.88212 0.47098 0.00643116 45.5069 -0.470908 0.882124 -0.0101455 61.5646 -0.0104514 0.00592104 0.999928 0
0.879027 0.476727 0.00655995 45.9796 -0.476668 0.879039 -0.0088278 61.3096 -0.0099749 0.00463295 0.99994 0
0.877091 0.480265 0.00759436 46.4635 -0.480226 0.877121 -0.00642358 61.0309 -0.0097462 0.00198706 0.999951 0
0.874524 0.484895 0.00924724 46.9526 -0.484882 0.874572 -0.00367095 60.7354 -0.00986739 -0.0012735 0.999951 0
0.872145 0.489154 0.0095736 47.4623 -0.489141 0.872197 -0.00380989 60.4314 -0.0102137 -0.00136006 0.999947 0
0.870349 0.492329 0.0102673 48.0294 -0.492341 0.870401 -0.00152763 60.1125 -0.00968875 -0.00372543 0.999946 0
0.868878 0.494883 0.0118863 48.5909 -0.494923 0.868937 0.000460673 59.7829 -0.0101004 -0.00628305 0.999929 0
0.86774 0.496847 0.0130501 49.1683 -0.496909 0.867801 0.00178085 59.4546 -0.0104401 -0.00803003 0.999913 0
0.867024 0.498077 0.013713 49.7556 -0.498148 0.86709 0.00208969 59.1304 -0.0108496 -0.00864294 0.999904 0
0.867317 0.497572 0.0135392 50.3519 -0.497622 0.867394 0.000384099 58.7951 -0.0115527 -0.00707053 0.999908 0
0.868854 0.494927 0.0118277 50.9823 -0.494929 0.868928 -0.00291132 58.4528 -0.0117183 -0.00332434 0.999926 0
0.87066 0.491788 0.00978391 51.6272 -0.491731 0.870713 -0.00774873 58.1059 -0.0123297 0.00193546 0.999922 0
0.872876 0.487883 0.00755631 52.2736 -0.487783 0.872883 -0.0119787 57.7485 -0.01244 0.00677005 0.9999 0
0.875271 0.483581 0.00703662 52.9374 -0.483446 0.875245 -0.0150096 57.3758 -0.0134171 0.00973564 0.999863 0
0.877234 0.480005 0.00747588 53.5945 -0.479829 0.877186 -0.0175415 57.0001 -0.0149778 0.0118009 0.999818 0
0.878687 0.47728 0.0106297 54.2715 -0.477134 0.878723 -0.0137358 56.6314 -0.0158964 0.00699767 0.999849 0
0.880682 0.473473 0.0148936 54.9971 -0.473405 0.880808 -0.0080292 56.2844 -0.01692 2.0495e-05 0.999857 0
0.882751 0.46955 0.0165321 55.706 -0.469518 0.882902 -0.00598974 55.9106 -0.0174087 -0.00247467 0.999845 0
0.884348 0.466572 0.0154246 56.4274 -0.466518 0.884483 -0.00716503 55.5289 -0.0169858 -0.000859449 0.999855 0
0.884573 0.466237 0.0123747 57.1408 -0.466198 0.88466 -0.00607188 55.1215 -0.0137783 -0.000398046 0.999905 0
0.884859 0.465751 0.00997961 57.8842 -0.465761 0.884909 -0.0014826 54.7374 -0.00952157 -0.00333622 0.999949 0
0.884677 0.466077 0.0109132 58.6346 -0.466145 0.884696 0.00460886 54.3642 -0.00750682 -0.0091645 0.99993 0
0.884406 0.46653 0.0132605 59.3811 -0.466656 0.884395 0.00880737 53.9864 -0.00761861 -0.0139774 0.999873 0
0.884555 0.466132 0.0168168 60.0814 -0.46632 0.884563 0.00966662 53.599 -0.0103696 -0.0163927 0.999812 0
0.884549 0.466078 0.0185337 60.7895 -0.46629 0.884583 0.00926169 53.2135 -0.0120779 -0.0168345 0.999785 0
0.884678 0.465778 0.019874 61.5288 -0.46601 0.884733 0.00905997 52.8362 -0.0133632 -0.0172766 0.999761 0
0.88437 0.466348 0.0202364 62.2516 -0.466596 0.884417 0.00972189 52.4701 -0.0133637 -0.01804 0.999748 0
0.88407 0.466936 0.0197976 62.9745 -0.467184 0.884099 0.0103683 52.1026 -0.0126617 -0.0184154 0.99975 0
0.883107 0.468662 0.0218535 63.7066 -0.469009 0.883068 0.0148673 51.7425 -0.0123304 -0.023379 0.999651 0
0.881454 0.471573 0.0256493 64.4514 -0.472098 0.881297 0.0209388 51.3826 -0.0127305 -0.0305656 0.999452 0
0.87913 0.475638 0.0299862 65.1916 -0.476345 0.878935 0.0238281 51.0218 -0.0150224 -0.0352318 0.999266 0
0.875857 0.481527 0.0317161 65.9036 -0.482226 0.875822 0.0198356 50.6419 -0.0182263 -0.0326675 0.9993 0
0.87203 0.48829 0.0337182 66.6161 -0.48899 0.872131 0.0166375 50.2656 -0.0212827 -0.0309962 0.999293 0
0.867609 0.49607 0.0341976 67.3305 -0.496749 0.867766 0.0149323 49.882 -0.022268 -0.029943 0.999304 0
0.862492 0.50495 0.0336546 68.0338 -0.505614 0.86263 0.0149466 49.4861 -0.0214842 -0.0299075 0.999322 0
0.856911 0.514386 0.033331 68.7094 -0.515075 0.856985 0.0165627 49.0728 -0.0200446 -0.0313607 0.999307 0
0.85115 0.523844 0.0336275 69.3988 -0.524585 0.851152 0.0187342 48.6456 -0.0188083 -0.0335861 0.999259 0
0.844962 0.533679 0.0350048 70.0785 -0.534502 0.844918 0.0205297 48.1915 -0.0186199 -0.0360569 0.999176 0
0.83869 0.543481 0.035025 70.7549 -0.544286 0.838672 0.0195528 47.7383 -0.0187479 -0.0354623 0.999195 0
0.832425 0.553112 0.0337051 71.4173 -0.553805 0.832493 0.015999 47.2883 -0.01921 -0.031984 0.999304 0
0.826415 0.562105 0.0328021 72.0632 -0.562717 0.826545 0.0131755 46.8458 -0.0197064 -0.0293467 0.999375 0
0.820745 0.570297 0.0337578 72.7115 -0.570968 0.820841 0.014676 46.4209 -0.0193401 -0.0313199 0.999322 0
0.814953 0.578553 0.0335831 73.3355 -0.579239 0.815005 0.0157666 46.014 -0.0182485 -0.0323017 0.999312 0
0.809399 0.586289 0.0337552 73.9445 -0.587019 0.809374 0.0179546 45.6061 -0.016794 -0.0343474 0.999269 0
0.803547 0.594259 0.0341883 74.5304 -0.595025 0.803476 0.0192518 45.1687 -0.0160289 -0.0358126 0.99923 0
0.798332 0.601196 0.0350561 75.1129 -0.602015 0.79822 0.0205549 44.7141 -0.015625 -0.0375139 0.999174 0
0.793302 0.60788 0.0339687 75.6998 -0.608614 0.793266 0.0177997 44.2557 -0.0161261 -0.0347944 0.999264 0
0.789498 0.612821 0.0338161 76.2923 -0.6135 0.789555 0.0148425 43.8197 -0.0176039 -0.0324643 0.999318 0
0.787704 0.615119 0.0339327 76.8442 -0.615706 0.787915 0.00981863 43.3776 -0.0206965 -0.0286268 0.999376 0
0.785751 0.61762 0.033775 77.389 -0.61812 0.786061 0.00596774 42.9336 -0.0228634 -0.0255661 0.999412 0
0.784295 0.619462 0.0338959 77.9382 -0.619917 0.784658 0.00388915 42.4935 -0.0241875 -0.0240629 0.999418 0
0.783344 0.62076 0.0320741 78.4821 -0.621142 0.783694 0.00255266 42.0569 -0.0235517 -0.0219222 0.999482 0
0.783516 0.620765 0.0274369 79.0177 -0.621002 0.783809 0.000161353 41.6698 -0.0214051 -0.0171648 0.999624 0
0.784348 0.619878 0.0234566 79.5205 -0.620008 0.784593 -0.00210712 41.2846 -0.0197101 -0.0128906 0.999723 0
0.786562 0.617189 0.0199481 80.017 -0.617232 0.786767 -0.00468009 40.9072 -0.018583 -0.0086314 0.99979 0
0.791365 0.611075 0.01815 80.4796 -0.611097 0.79154 -0.00492416 40.5581 -0.0173755 -0.00719462 0.999823 0
0.798398 0.601942 0.0150486 80.913 -0.601911 0.798532 -0.00699785 40.2313 -0.0162291 -0.00347084 0.999862 0
0.806337 0.591367 0.0102629 81.3423 -0.591262 0.806395 -0.0116628 39.8953 -0.015173 0.00333609 0.999879 0
0.816698 0.577064 -0.00087496 81.7668 -0.576936 0.816484 -0.0223311 39.5798 -0.0121721 0.0187426 0.99975 0
0.828521 0.559918 -0.00670402 82.1867 -0.559897 0.828195 -0.0246865 39.3027 -0.00827018 0.0242069 0.999673 0
0.8408 0.541273 -0.00892257 82.6265 -0.541322 0.84049 -0.0234063 39.0378 -0.00516986 0.02451 0.999686 0
0.854189 0.519901 -0.00803917 83.0945 -0.519955 0.853981 -0.0190528 38.7828 -0.00304025 0.0204547 0.999786 0
0.868857 0.495024 -0.00622186 83.593 -0.495059 0.868735 -0.0147094 38.5454 -0.00187637 0.0158606 0.999872 0
0.885158 0.465266 -0.0047262 84.0898 -0.465288 0.885076 -0.0121571 38.3342 -0.00147323 0.01296 0.999915 0
0.903477 0.428626 -0.00305463 84.5763 -0.42863 0.903396 -0.0123599 38.1659 -0.00253822 0.0124762 0.999919 0
0.924321 0.381607 0.00273803 84.9966 -0.381517 0.924218 -0.0163366 37.9791 -0.00876472 0.0140557 0.999863 0
0.942662 0.333645 0.00832552 85.4221 -0.333497 0.942626 -0.0153245 37.8699 -0.0129608 0.0116693 0.999848 0
0.958571 0.284635 0.0111453 85.9193 -0.284467 0.958575 -0.0145753 37.7914 -0.0148323 0.010801 0.999832 0
0.972432 0.232906 0.0114592 86.4163 -0.23273 0.972427 -0.0149052 37.7278 -0.0146147 0.0118274 0.999823 0
0.984715 0.173988 0.00805531 86.9223 -0.173833 0.984628 -0.0170402 37.6922 -0.0108963 0.0153794 0.999822 0
0.994323 0.106352 0.00326962 87.4062 -0.10627 0.994149 -0.0193294 37.6827 -0.00530622 0.0188723 0.999808 0
0.999292 0.0376102 -0.000931018 87.8812 -0.0376215 0.99907 -0.0210507 37.7155 0.000138434 0.0210708 0.999778 0
0.999457 -0.0326697 -0.00437967 88.3343 0.0325736 0.99926 -0.020451 37.7592 0.00504456 0.0202972 0.999781 0
0.994622 -0.103297 -0.00752448 88.7978 0.103134 0.994476 -0.0195168 37.8239 0.00949895 0.0186358 0.999781 0
0.984728 -0.173825 -0.00974192 89.2734 0.173609 0.984616 -0.0197597 37.9409 0.0130268 0.0177666 0.999757 0
0.969979 -0.242969 -0.0103668 89.7397 0.242714 0.969866 -0.0212259 38.0839 0.0152116 0.0180725 0.999721 0
0.950696 -0.310021 -0.00804236 90.1857 0.3098 0.950566 -0.0211862 38.2588 0.014213 0.0176501 0.999743 0
0.927058 -0.374906 -0.0029391 90.6319 0.374784 0.926909 -0.0194055 38.472 0.00999951 0.0168885 0.999807 0
0.899547 -0.436806 0.00379439 91.069 0.436811 0.899427 -0.0150655 38.7289 0.00316792 0.0152096 0.999879 0
0.869225 -0.494328 0.00935094 91.4805 0.49441 0.869155 -0.0113592 38.9902 -0.00251222 0.0144969 0.999892 0
0.837681 -0.545977 0.0141173 91.8205 0.546087 0.837711 -0.00537641 39.2424 -0.00889083 0.012213 0.999886 0
0.807481 -0.589696 0.0152914 92.1529 0.589768 0.807573 -0.000296621 39.4641 -0.012174 0.00925791 0.999883 0
0.783331 -0.621459 0.0134504 92.5349 0.621457 0.783433 0.00481173 39.7446 -0.0135278 0.00458969 0.999898 0
0.759771 -0.650114 0.0100399 92.9109 0.650071 0.759837 0.00747817 40.0268 -0.0124903 0.000844928 0.999922 0
0.738943 -0.673712 0.00867747 93.2306 0.673688 0.738992 0.00585343 40.3253 -0.0103561 0.00152056 0.999945 0
0.722821 -0.690975 0.00915514 93.5815 0.690974 0.72287 0.00368041 40.6255 -0.00916105 0.00366569 0.999951 0
0.713842 -0.700187 0.0129879 93.9356 0.700194 0.713937 0.00475219 40.9446 -0.0125999 0.00570172 0.999904 0
0.706135 -0.707952 0.0133311 94.3023 0.707934 0.706245 0.0068054 41.2725 -0.0142329 0.00463203 0.999888 0
0.699606 -0.714475 0.0087378 94.6432 0.714408 0.69966 0.0097983 41.6946 -0.0131141 -0.000612589 0.999914 0
0.694472 -0.719506 0.00453486 94.979 0.719426 0.694469 0.0117906 42.0866 -0.0116327 -0.00492575 0.99992 0
0.691457 -0.722417 0.000333651 95.3222 0.722368 0.691415 0.0113908 42.4732 -0.00845961 -0.00763524 0.999935 0
0.690294 -0.723527 -0.00149291 95.7062 0.72351 0.69026 0.00859017 42.8724 -0.00518472 -0.00700988 0.999962 0
0.691889 -0.722003 -0.00127543 96.0578 0.722 0.691878 0.00461036 43.2383 -0.00244625 -0.00411072 0.999988 0
0.695139 -0.718875 -0.000822526 96.4348 0.718874 0.695139 -0.000897596 43.6386 0.00121703 3.26596e-05 0.999999 0
0.698532 -0.715577 -0.00176767 96.8489 0.715561 0.698529 -0.00541252 44.055 0.00510784 0.00251594 0.999984 0
0.701833 -0.71232 -0.00544437 97.2584 0.712305 0.701854 -0.00470278 44.489 0.00717104 -0.000577492 0.999974 0
0.705576 -0.708562 -0.0101324 97.6964 0.70861 0.705599 0.00178282 44.9406 0.00588615 -0.00843781 0.999947 0
0.70904 -0.705081 -0.0110515 98.1398 0.705163 0.709004 0.00757754 45.3779 0.00249279 -0.0131659 0.99991 0
0.712397 -0.701707 -0.00987966 98.597 0.701769 0.712255 0.0146122 45.8237 -0.00321661 -0.0173429 0.999844 0
0.71588 -0.698189 -0.00692089 99.0346 0.698148 0.715623 0.0217548 46.2662 -0.0102362 -0.0204056 0.999739 0
0.718476 -0.695547 -0.00254305 99.4804 0.695404 0.718243 0.023228 46.6745 -0.0143297 -0.0184572 0.999727 0
0.718389 -0.695627 0.00456662 99.9816 0.69554 0.718381 0.0124101 47.1806 -0.0119133 -0.00573898 0.999913 0
0.718131 -0.695887 0.00540148 100.48 0.695883 0.718149 0.00289254 47.6474 -0.00589195 0.00168158 0.999981 0
0.717827 -0.696211 -0.0037682 100.967 0.696219 0.717828 0.00134109 48.1274 0.00177124 -0.00358617 0.999992 0
0.716229 -0.697787 -0.0104846 101.46 0.697833 0.716259 0.00116045 48.6132 0.00669995 -0.00814767 0.999944 0
0.714465 -0.699523 -0.0144239 101.946 0.699646 0.714464 0.00612392 49.1089 0.00602152 -0.0144669 0.999877 0
0.712709 -0.701318 -0.0141018 102.441 0.70146 0.712563 0.0144274 49.597 -6.97483e-05 -0.0201744 0.999796 0
0.711118 -0.703043 -0.00655355 102.993 0.703024 0.710926 0.0184749 50.1401 -0.00832958 -0.0177452 0.999808 0
0.709018 -0.705188 -0.00201373 103.515 0.705105 0.708884 0.0176172 50.6473 -0.0109959 -0.0139108 0.999843 0
0.707994 -0.706214 -0.00262267 104.016 0.706183 0.707916 0.0126384 51.1845 -0.0070688 -0.0108 0.999917 0
0.705907 -0.708284 -0.00550397 104.541 0.708303 0.705866 0.00778839 51.7405 -0.00163133 -0.00939636 0.999955 0
0.703617 -0.710466 -0.012715 105.084 0.710577 0.703554 0.00965859 52.3074 0.00208359 -0.0158309 0.999873 0
0.700215 -0.713807 -0.0133727 105.662 0.713929 0.700141 0.0104047 52.8633 0.0019358 -0.0168327 0.999856 0
0.697263 -0.71674 -0.0103822 106.246 0.716815 0.697193 0.00989155 53.4388 0.000148714 -0.0143391 0.999897 0
0.695163 -0.718817 -0.00715083 106.81 0.718845 0.695079 0.011253 54.0225 -0.00311844 -0.012963 0.999911 0
0.693742 -0.720215 -0.00361599 107.386 0.720198 0.693667 0.0118587 54.6176 -0.00603254 -0.0108311 0.999923 0
0.693264 -0.720683 -0.000332205 107.963 0.720639 0.693216 0.0114477 55.2136 -0.00801986 -0.00817566 0.999934 0
0.693661 -0.720301 -0.00106602 108.537 0.720242 0.693584 0.0138775 55.8162 -0.00925656 -0.010394 0.999903 0
0.694052 -0.719922 -0.00176022 109.102 0.719872 0.693971 0.013723 56.4193 -0.00865794 -0.0107916 0.999904 0
0.69436 -0.719606 -0.00565594 109.661 0.719602 0.694247 0.0139185 57.0276 -0.00608919 -0.0137344 0.999887 0
0.695003 -0.718913 -0.0116128 110.245 0.718995 0.694812 0.0167848 57.6593 -0.00399808 -0.0200151 0.999792 0
0.696097 -0.71771 -0.0184694 110.826 0.717939 0.695736 0.0226936 58.2775 -0.00343757 -0.0290569 0.999572 0
0.697959 -0.715784 -0.0225156 111.415 0.71612 0.697372 0.029049 58.897 -0.00509106 -0.0363988 0.999324 0
0.700769 -0.713042 -0.0222309 111.996 0.713369 0.700177 0.0292876 59.5239 -0.00531772 -0.0363827 0.999324 0
0.702735 -0.711097 -0.0224806 112.594 0.711439 0.702177 0.0283424 60.1599 -0.00436884 -0.0359108 0.999345 0
0.703926 -0.710037 -0.0183518 113.224 0.710262 0.703533 0.0238643 60.789 -0.00403345 -0.0298333 0.999547 0
0.704142 -0.709913 -0.0144184 113.854 0.710048 0.703871 0.0199421 61.4041 -0.00400846 -0.0242798 0.999697 0
0.704377 -0.709704 -0.0131708 114.478 0.709813 0.70413 0.0191294 62.0256 -0.00430226 -0.0228231 0.99973 0
0.705636 -0.708438 -0.0139225 115.086 0.708544 0.705289 0.0230819 62.6483 -0.00653271 -0.0261521 0.999637 0
0.706581 -0.707496 -0.0138822 115.694 0.707539 0.706033 0.0300948 63.2606 -0.0114907 -0.0310866 0.999451 0
0.707417 -0.706652 -0.0142849 116.286 0.706614 0.706632 0.0369726 63.8731 -0.0160326 -0.036249 0.999214 0
0.707726 -0.706357 -0.0135467 116.876 0.706334 0.707044 0.0343559 64.4736 -0.0146894 -0.0338831 0.999318 0
0.708229 -0.705792 -0.0163822 117.457 0.705978 0.707955 0.0198778 65.0375 -0.00243177 -0.0256435 0.999668 0
0.707678 -0.706223 -0.0210024 118.049 0.706474 0.707694 0.00794391 65.6322 0.0092531 -0.0204594 0.999748 0
0.70683 -0.707015 -0.0228204 118.693 0.707322 0.706827 0.00956202 66.2438 0.00936956 -0.0229001 0.999694 0
0.706459 -0.707574 -0.0159419 119.308 0.707754 0.706281 0.0158712 66.8519 2.93969e-05 -0.0224953 0.999747 0
0.704924 -0.709283 -2.45286e-05 119.91 0.709007 0.704648 0.0279467 67.5091 -0.0198048 -0.0197177 0.999609 0
0.704028 -0.710165 0.00310611 120.478 0.709672 0.70369 0.0344356 68.07 -0.0266407 -0.0220394 0.999402 0
0.703113 -0.711061 -0.0048426 121.016 0.710784 0.702611 0.0335125 68.6535 -0.020427 -0.0270051 0.999427 0
0.702361 -0.711684 -0.0139377 121.584 0.711785 0.701993 0.0238294 69.2223 -0.00717481 -0.0266575 0.999619 0
0.701082 -0.712867 -0.0174428 122.181 0.71308 0.70084 0.0184353 69.8329 -0.000917284 -0.0253628 0.999678 0
0.699335 -0.714616 -0.0159672 122.784 0.714793 0.699185 0.014491 70.4576 0.000808507 -0.0215473 0.999767 0
0.696364 -0.717621 -0.00988036 123.331 0.717682 0.696231 0.0139716 71.0431 -0.00314733 -0.0168203 0.999854 0
0.693488 -0.720427 -0.00775488 123.891 0.720452 0.693359 0.0142093 71.639 -0.00485981 -0.015441 0.999869 0
0.690909 -0.722842 -0.012025 124.441 0.722927 0.690695 0.0177966 72.2266 -0.00455848 -0.020989 0.999769 0
0.688644 -0.72491 -0.0165539 125.004 0.725091 0.688349 0.0204637 72.8641 -0.00343954 -0.0260953 0.999654 0
0.687226 -0.726218 -0.0181264 125.56 0.72643 0.686849 0.0231907 73.4613 -0.00439142 -0.0291049 0.999567 0
0.685963 -0.727422 -0.0176274 126.121 0.727598 0.68548 0.0268067 74.0607 -0.00741661 -0.0312141 0.999485 0
0.685403 -0.727988 -0.0160231 126.678 0.728103 0.684893 0.0280803 74.6239 -0.00946795 -0.0309128 0.999477 0
0.683632 -0.729684 -0.0144379 127.233 0.729789 0.683263 0.0236373 75.2145 -0.00738287 -0.0266959 0.999616 0
0.680789 -0.732359 -0.01328 127.779 0.732472 0.680586 0.0169602 75.8111 -0.00338276 -0.0212736 0.999768 0
0.67592 -0.736849 -0.0136237 128.292 0.736975 0.675797 0.0128975 76.4123 -0.000296691 -0.018758 0.999824 0
0.669965 -0.742282 -0.0128436 128.821 0.742386 0.669787 0.0157502 77.0365 -0.00308865 -0.020087 0.999793 0
0.664714 -0.747038 -0.00950947 129.352 0.747044 0.664458 0.020534 77.6356 -0.00902103 -0.0207532 0.999744 0
0.661303 -0.750111 -0.00344677 129.923 0.749884 0.660973 0.0280962 78.2367 -0.0187971 -0.0211648 0.999599 0
0.658897 -0.752233 0.000308421 130.45 0.751784 0.658517 0.0342865 78.8469 -0.0259946 -0.0223594 0.999412 0
0.655758 -0.75497 0.000628744 130.963 0.754516 0.655392 0.0341712 79.4711 -0.0262103 -0.0219337 0.999416 0
0.650669 -0.759356 -0.00276367 131.463 0.759118 0.650364 0.0276859 80.0772 -0.0192261 -0.0201123 0.999613 0
0.644928 -0.764223 -0.00560756 131.957 0.7642 0.644795 0.0154303 80.6829 -0.00817648 -0.0142367 0.999865 0
0.639224 -0.768934 -0.0115355 132.502 0.769006 0.639047 0.0157821 81.3542 -0.00476363 -0.0189592 0.999809 0
0.633667 -0.773471 -0.0144274 133.031 0.77357 0.633348 0.0214322 82.008 -0.00743966 -0.0247415 0.999666 0
0.627382 -0.778559 -0.0154491 133.528 0.778655 0.626974 0.0244856 82.6534 -0.0093773 -0.0273913 0.999581 0
0.620272 -0.784172 -0.0183763 134.011 0.784342 0.619817 0.0251727 83.2902 -0.0083498 -0.0300272 0.999514 0
0.613096 -0.789732 -0.0209043 134.488 0.789994 0.612713 0.0221696 83.918 -0.00469974 -0.0301064 0.999536 0
0.60629 -0.794962 -0.0211547 135.031 0.795234 0.605936 0.0210868 84.6296 -0.00394481 -0.0296076 0.999554 0
0.599866 -0.799799 -0.0219556 135.481 0.800051 0.599296 0.0276245 85.2862 -0.00893616 -0.0341366 0.999377 0
0.593383 -0.804659 -0.0205016 135.966 0.804789 0.592632 0.0331991 85.9581 -0.0145641 -0.0361993 0.999238 0
0.586928 -0.809461 -0.0169793 136.456 0.809397 0.586112 0.0367198 86.6237 -0.0197714 -0.0352949 0.999181 0
0.58175 -0.813227 -0.0151451 136.936 0.813039 0.580885 0.039231 87.2841 -0.0231061 -0.0351362 0.999115 0
0.577638 -0.816163 -0.0145278 137.416 0.815955 0.576796 0.0390255 87.9658 -0.0234716 -0.0343966 0.999133 0
0.574778 -0.81806 -0.0202141 137.886 0.818133 0.573965 0.0349702 88.6548 -0.0170056 -0.0366379 0.999184 0
0.571651 -0.820011 -0.0282182 138.348 0.820442 0.570879 0.0311623 89.3428 -0.00944425 -0.0409654 0.999116 0
0.568983 -0.821685 -0.0330527 138.815 0.82234 0.568326 0.0276182 90.0119 -0.0039087 -0.0428949 0.999072 0
0.5665 -0.823263 -0.0362685 139.274 0.824055 0.565778 0.0287774 90.6846 -0.00317148 -0.0461897 0.998928 0
0.564465 -0.824751 -0.034137 139.728 0.825381 0.563372 0.0368393 91.3903 -0.0111514 -0.0489706 0.998738 0
0.562251 -0.826441 -0.02946 140.189 0.826656 0.560708 0.0473863 92.0822 -0.0226435 -0.0509963 0.998442 0
0.558722 -0.828939 -0.0262558 140.656 0.828866 0.557026 0.0519817 92.7566 -0.0284645 -0.0508058 0.998303 0
0.553984 -0.832269 -0.0207374 141.091 0.83227 0.553021 0.0386506 93.3991 -0.0206995 -0.0386709 0.999038 0
0.547591 -0.836545 -0.0183363 141.528 0.83667 0.547114 0.0254742 94.0924 -0.0112783 -0.0292909 0.999507 0
0.541803 -0.840125 -0.0252809 141.991 0.840451 0.541182 0.02763 94.8164 -0.00953109 -0.0362174 0.999298 0
0.535292 -0.844299 -0.0249151 142.414 0.844532 0.534447 0.0336566 95.5453 -0.0151004 -0.0390578 0.999123 0
0.529189 -0.848356 -0.0158078 142.877 0.848246 0.528479 0.03447 96.2652 -0.0208888 -0.0316501 0.999281 0
0.523511 -0.852016 -0.0020944 143.297 0.851696 0.523244 0.0287972 96.9336 -0.0234398 -0.0168594 0.999583 0
0.51878 -0.854882 0.00658497 143.747 0.854566 0.518775 0.024294 97.6778 -0.0241846 -0.00697595 0.999683 0
0.513254 -0.858153 0.0120301 144.166 0.858004 0.513391 0.0161134 98.3702 -0.0200039 0.00205161 0.999798 0
0.508065 -0.861225 0.012755 144.587 0.861231 0.508169 0.00676792 99.0629 -0.0123104 0.00754642 0.999896 0
0.50233 -0.86462 0.00983809 145.016 0.864666 0.502347 -0.000876094 99.7621 -0.00418465 0.00894675 0.999951 0
0.496435 -0.868074 0.000108261 145.463 0.868056 0.496426 0.00625723 100.508 -0.00548548 -0.00301233 0.99998 0
0.491946 -0.870588 -0.00814288 145.902 0.870502 0.491697 0.0214556 101.3 -0.0146751 -0.0176434 0.999737 0
0.487606 -0.873064 4.68267e-05 146.293 0.87263 0.487366 0.0314693 102.045 -0.0274976 -0.0153038 0.999505 0
0.483726 -0.875201 0.00574427 146.682 0.874583 0.483614 0.0349535 102.793 -0.0333693 -0.0118841 0.999372 0
0.481435 -0.87648 0.00202714 147.075 0.876025 0.481257 0.0311767 103.546 -0.0283013 -0.0132337 0.999512 0
0.480485 -0.876964 -0.00820127 147.439 0.876912 0.48028 0.0188828 104.247 -0.0126206 -0.0162647 0.999788 0
0.478379 -0.878072 -0.0119026 147.833 0.878139 0.478252 0.0120748 105.017 -0.00491009 -0.0162285 0.999856 0
0.477099 -0.878773 -0.0116094 148.255 0.878839 0.476987 0.0112404 105.765 -0.00434021 -0.0155656 0.999869 0
0.476583 -0.879068 -0.0104343 148.692 0.879084 0.476405 0.0157818 106.525 -0.00890231 -0.016694 0.999821 0
0.476766 -0.87899 -0.00841131 149.101 0.878846 0.476449 0.025009 107.285 -0.0179751 -0.0193157 0.999652 0
0.475431 -0.879749 0.00252301 149.471 0.879458 0.475344 0.0245338 108.04 -0.0227829 -0.00944524 0.999696 0
0.473571 -0.880717 0.0082314 149.854 0.880572 0.473642 0.0159955 108.758 -0.0179862 -0.000326643 0.999838 0
0.471705 -0.881697 0.0102665 150.244 0.881739 0.471737 0.000776203 109.454 -0.00552746 0.00868624 0.999947 0
0.470596 -0.882279 0.0110987 150.66 0.882345 0.470521 -0.00879319 110.201 0.00253587 0.0139309 0.9999 0
0.469784 -0.882724 0.0100808 151.072 0.882767 0.469682 -0.0110081 110.963 0.00498233 0.0140704 0.999889 0
0.468907 -0.883241 0.00321283 151.48 0.883244 0.468912 0.000925408 111.74 -0.00232389 0.00240378 0.999994 0
0.466929 -0.884223 0.0112829 151.884 0.884211 0.467022 0.00780489 112.52 -0.0121706 0.00633213 0.999906 0
0.465507 -0.884831 0.0194285 152.249 0.884934 0.465683 0.00558229 113.302 -0.0139869 0.0145943 0.999796 0
0.464937 -0.885188 0.0166297 152.632 0.885293 0.465029 0.00192612 114.059 -0.00943825 0.0138266 0.99986 0
0.465404 -0.885056 0.00866783 152.991 0.885081 0.465434 0.00175824 114.789 -0.00559045 0.00685343 0.999961 0
0.46584 -0.884864 0.00279017 153.396 0.884855 0.465848 0.00411425 115.535 -0.00494035 0.000552312 0.999988 0
0.465698 -0.884943 0.000467647 153.772 0.884915 0.465687 0.00776794 116.267 -0.00709197 -0.00320369 0.99997 0
0.465094 -0.88526 -0.00141336 154.157 0.885201 0.465042 0.0124751 117.004 -0.0103864 -0.00705318 0.999921 0
0.464187 -0.885737 -0.000551854 154.527 0.885646 0.464129 0.0146965 117.736 -0.0127611 -0.00731069 0.999892 0
0.463264 -0.886219 0.00146547 154.886 0.886151 0.463248 0.0117649 118.484 -0.0111052 -0.00415164 0.99993 0
0.462574 -0.88658 0.00084922 155.239 0.886569 0.462572 0.0047507 119.196 -0.0046047 -0.00144466 0.999988 0
0.461821 -0.886969 -0.00264864 155.631 0.886967 0.461806 0.0049036 119.942 -0.00312618 -0.00461385 0.999984 0
0.460624 -0.887566 -0.00717061 156.019 0.887558 0.460515 0.0129056 120.684 -0.00815243 -0.012309 0.999891 0
0.458746 -0.888567 -0.000945794 156.403 0.888382 0.458628 0.0208927 121.41 -0.0181308 -0.0104247 0.999781 0
0.457364 -0.889215 0.0107038 156.759 0.888972 0.457489 0.0208024 122.1 -0.0233947 1.16089e-06 0.999726 0
0.456627 -0.889517 0.0158441 157.084 0.889455 0.456831 0.0132273 122.765 -0.019004 0.00805263 0.999787 0
0.457605 -0.889114 0.0086507 157.399 0.88907 0.457674 0.00946189 123.417 -0.0123719 0.00336127 0.999918 0
0.4584 -0.888745 -0.00104355 157.718 0.888724 0.45838 0.00756933 124.049 -0.00624887 -0.00439721 0.999971 0
0.45908 -0.888388 -0.00366776 158.028 0.888393 0.459066 0.00392113 124.669 -0.00179974 -0.00505853 0.999986 0
0.46085 -0.887474 -0.00257402 158.339 0.887477 0.460852 -0.000267374 125.282 0.00142353 -0.00216117 0.999997 0
0.464489 -0.885574 -0.00300175 158.647 0.885574 0.464495 -0.00164084 125.901 0.00284738 -0.00189612 0.999994 0
0.469268 -0.883053 -0.00226659 158.955 0.883056 0.469267 0.00112992 126.517 6.58525e-05 -0.00253176 0.999997 0
0.475435 -0.879751 -0.000295212 159.271 0.879686 0.475396 0.0122809 127.035 -0.0106638 -0.00609849 0.999925 0
0.480985 -0.876727 0.00182129 159.59 0.876567 0.480935 0.0182152 127.608 -0.0168457 -0.00716477 0.999832 0
0.486196 -0.873849 -0.00112089 159.892 0.8737 0.486089 0.0191123 128.175 -0.0161564 -0.0102716 0.999817 0
0.491902 -0.870646 -0.00301648 160.188 0.87059 0.491823 0.0135356 128.754 -0.0103012 -0.00928432 0.999904 0
0.498379 -0.866927 -0.00745181 160.51 0.866959 0.498357 0.00467696 129.35 -0.000340929 -0.00879132 0.999961 0
0.504883 -0.863074 -0.0140478 160.844 0.863156 0.504937 -0.000362743 129.948 0.00740633 -0.0119423 0.999901 0
0.511265 -0.859289 -0.0151885 161.203 0.859399 0.511302 0.0016256 130.517 0.00636904 -0.0138841 0.999883 0
0.517023 -0.855878 -0.0126676 161.555 0.855966 0.517016 0.00406975 131.073 0.00306612 -0.0129472 0.999911 0
0.522561 -0.85259 -0.00460556 161.913 0.852599 0.522537 0.0054149 131.618 -0.00221011 -0.00675631 0.999975 0
0.527734 -0.849407 0.00235318 162.274 0.849383 0.527737 0.00639867 132.167 -0.00667693 -0.00137804 0.999977 0
0.531117 -0.847297 0.00173599 162.61 0.847256 0.53111 0.00888951 132.696 -0.00845405 -0.00325055 0.999959 0
0.532036 -0.846722 -0.000410209 162.937 0.846673 0.532 0.0109353 133.224 -0.00904089 -0.00616527 0.99994 0
0.531201 -0.847246 0.000242227 163.291 0.847175 0.531161 0.0127933 133.802 -0.0109678 -0.00659063 0.999918 0
0.53035 -0.847774 0.00278369 163.637 0.847678 0.530335 0.0136901 134.371 -0.0130824 -0.00490086 0.999902 0
0.530456 -0.847708 0.0025927 163.994 0.847586 0.530428 0.0156059 134.945 -0.0146045 -0.00608069 0.999875 0
0.530629 -0.847592 -0.0044867 164.349 0.847512 0.530486 0.0175438 135.513 -0.0124899 -0.0131118 0.999836 0
0.530002 -0.847892 -0.0133209 164.679 0.847981 0.529833 0.0143195 136.075 -0.00508358 -0.0188853 0.999809 0
0.528157 -0.848984 -0.016635 165.004 0.84914 0.528131 0.00630256 136.609 0.00343468 -0.0174542 0.999842 0
0.524753 -0.851142 -0.0138039 165.323 0.851203 0.524831 -0.00244562 137.143 0.00932628 -0.0104666 0.999902 0
0.520934 -0.853498 -0.0129742 165.666 0.85358 0.520959 0.00163015 137.718 0.0053677 -0.0119237 0.999914 0
0.517414 -0.855651 -0.011963 165.993 0.855728 0.517303 0.0112875 138.329 -0.00346967 -0.0160773 0.999865 0
0.514537 -0.857462 -0.00328577 166.371 0.857297 0.514354 0.0219299 138.974 -0.017114 -0.0141006 0.999754 0
0.511119 -0.859483 0.00673484 166.756 0.859018 0.511076 0.029812 139.598 -0.0290649 -0.00945214 0.999533 0
0.508658 -0.860903 0.0106652 167.129 0.860316 0.508716 0.0326152 140.217 -0.0335041 -0.00741453 0.999411 0
0.506761 -0.862081 0.00304923 167.464 0.86176 0.506664 0.0257249 140.812 -0.0237219 -0.0104087 0.999664 0
0.504203 -0.863584 -0.00171772 167.801 0.863463 0.504097 0.0178257 141.397 -0.0145281 -0.010471 0.99984 0
0.501636 -0.865079 0.000412788 168.145 0.865038 0.501617 0.00950626 141.99 -0.00843072 -0.0044116 0.999955 0
0.500152 -0.865897 0.00830301 168.489 0.865902 0.500195 0.00417506 142.569 -0.0077683 0.00510143 0.999957 0
0.499469 -0.866139 0.0182691 168.854 0.866231 0.499621 0.00468138 143.167 -0.0131824 0.0134871 0.999822 0
0.498517 -0.866556 0.0237001 169.211 0.866671 0.498811 0.00829875 143.767 -0.0190132 0.0164031 0.999685 0
0.497575 -0.867021 0.0263332 169.572 0.867178 0.497925 0.00855169 144.368 -0.0205265 0.0185805 0.999617 0
0.496821 -0.867404 0.0278981 169.91 0.867685 0.4971 0.00368566 144.966 -0.0170651 0.0223756 0.999604 0
0.495989 -0.867727 0.0323235 170.252 0.868226 0.49616 -0.00308564 145.56 -0.0133601 0.0295946 0.999473 0
0.495387 -0.868007 0.0339963 170.59 0.868586 0.495509 -0.00531882 146.162 -0.0122287 0.0321636 0.999408 0
