0.477277 -0.87856 0.0184009 0.681346 0.878749 0.477236 -0.00687677 0.552627 -0.00273992 0.0194519 0.999807 0
0.463843 -0.885702 0.019521 1.22035 0.885916 0.463699 -0.0116203 1.42432 0.00124023 0.0226839 0.999742 0
0.4614 -0.887043 0.0162655 1.68434 0.887174 0.461195 -0.014895 2.27588 0.00571095 0.0213029 0.999757 0
0.459561 -0.887868 0.0222432 2.2169 0.888128 0.459567 -0.00514389 3.25541 -0.00565513 0.0221187 0.999739 0
0.454993 -0.890323 0.0174864 2.6204 0.890486 0.454813 -0.013408 4.03045 0.00398439 0.0216719 0.999757 0
0.454409 -0.890454 0.0245746 3.05321 0.890755 0.454473 -0.00324585 4.88029 -0.0082782 0.0233649 0.999693 0
0.452957 -0.89131 0.0198899 3.41515 0.891532 0.452858 -0.00949604 5.61325 -0.000543387 0.0220338 0.999757 0
0.450681 -0.892386 0.0230868 3.84532 0.892662 0.450703 -0.00454278 6.46708 -0.00635137 0.0226561 0.999723 0
0.448601 -0.893579 0.0165641 4.20138 0.893716 0.448404 -0.0143153 7.19704 0.00536447 0.0212255 0.99976 0
0.448498 -0.893634 0.0163566 4.62106 0.893776 0.448341 -0.0124427 8.07365 0.00378587 0.0201996 0.999789 0
0.448047 -0.893817 0.018581 5.09955 0.894009 0.447922 -0.0106754 8.93258 0.00121902 0.0213947 0.99977 0
0.449436 -0.893096 0.0196884 5.51382 0.89331 0.449383 -0.00729792 9.79902 -0.00232989 0.0208678 0.99978 0
0.449944 -0.892729 0.0242114 5.98967 0.893012 0.450028 -0.00215572 10.6943 -0.00897132 0.022591 0.999705 0
0.452015 -0.891717 0.0228952 6.39445 0.891975 0.452076 -0.00271441 11.5458 -0.0079299 0.0216489 0.999734 0
0.45349 -0.890818 0.0281018 6.85879 0.891133 0.453735 0.00268605 12.3928 -0.0151435 0.0238243 0.999601 0
0.455531 -0.889909 0.0235091 7.2556 0.890189 0.455576 -0.00370294 13.221 -0.00741493 0.0226144 0.999717 0
0.458148 -0.888585 0.0227291 7.75959 0.888865 0.458116 -0.00691686 14.2585 -0.00426637 0.0233721 0.999718 0
0.459487 -0.887851 0.0243444 8.15342 0.888169 0.459469 -0.00665313 15.0618 -0.00527852 0.024679 0.999681 0
0.456907 -0.889065 0.028287 8.65335 0.889466 0.456982 -0.00410984 16.0331 -0.00927274 0.0270381 0.999591 0
0.458933 -0.887881 0.0323742 9.04126 0.888431 0.458954 -0.00722899 16.8047 -0.00843979 0.0320799 0.99945 0
0.460242 -0.887093 0.0352588 9.51673 0.887779 0.460099 -0.0125715 17.7449 -0.00507046 0.0370879 0.999299 0
0.461049 -0.886812 0.0315983 9.88496 0.88737 0.460637 -0.0196975 18.4754 0.00291267 0.0371209 0.999307 0
0.461039 -0.886926 0.0283978 10.3294 0.887355 0.460549 -0.0222704 19.3517 0.00667364 0.0354665 0.999349 0
0.458669 -0.888043 0.0316434 10.7938 0.888605 0.458454 -0.0141787 20.2798 -0.00191574 0.0346219 0.999399 0
0.460167 -0.887294 0.030906 11.2299 0.887819 0.46007 -0.0106032 21.1364 -0.00481074 0.0323182 0.999466 0
0.46118 -0.886561 0.0363681 11.7484 0.887089 0.461588 0.00325989 22.1491 -0.0196772 0.0307584 0.999333 0
0.459935 -0.88728 0.0345661 12.1101 0.887743 0.460323 0.00380106 22.8875 -0.0192842 0.0289375 0.999395 0
0.459516 -0.887383 0.0373662 12.5564 0.887798 0.460134 0.00957843 23.7898 -0.0256932 0.0287722 0.999256 0
0.459465 -0.887694 0.0298586 12.9757 0.888031 0.459768 0.00383161 24.5907 -0.0171293 0.0247549 0.999547 0
0.461176 -0.886736 0.031881 13.4564 0.886986 0.46168 0.0103984 25.5011 -0.0239394 0.0234825 0.999438 0
0.460954 -0.886946 0.0291142 13.9112 0.887218 0.461306 0.00644971 26.4152 -0.0191511 0.0228576 0.999555 0
0.46177 -0.886496 0.0298909 14.374 0.886743 0.462185 0.00850283 27.2832 -0.0213529 0.0225792 0.999517 0
0.461596 -0.886502 0.0323046 14.7897 0.886586 0.462256 0.0168934 28.1114 -0.029909 0.0208429 0.999335 0
0.46111 -0.886674 0.0344445 15.2365 0.886851 0.461799 0.0153873 28.9329 -0.0295499 0.0234519 0.999288 0
0.460615 -0.886875 0.0358752 15.6639 0.88713 0.46131 0.0139206 29.7864 -0.0288954 0.025414 0.999259 0
0.459919 -0.887509 0.0283098 16.0092 0.887824 0.460174 0.00285877 30.4779 -0.0155646 0.0238193 0.999595 0
0.45936 -0.887919 0.0242627 16.4044 0.888175 0.459506 0.000471696 31.2665 -0.0115677 0.0213329 0.999705 0
0.458918 -0.888184 0.0228899 16.8867 0.888421 0.459029 -0.000483015 32.2307 -0.0100781 0.0205575 0.999738 0
0.45828 -0.888535 0.0220029 17.3046 0.888757 0.458378 -0.00066228 33.0596 -0.00949717 0.0198587 0.999758 0
0.457941 -0.888606 0.0258594 17.7977 0.888868 0.458156 0.00275291 34.0346 -0.0142939 0.0217249 0.999662 0
0.457429 -0.888843 0.026777 18.2219 0.889128 0.457651 0.00250276 34.8729 -0.0144791 0.0226633 0.999638 0
0.457182 -0.888865 0.0300704 18.7198 0.889223 0.457465 0.00294617 35.8571 -0.0163749 0.0253924 0.999543 0
0.456519 -0.889302 0.0270679 19.1758 0.889707 0.456418 -0.0101656 36.7551 -0.00331403 0.0287233 0.999582 0
0.455966 -0.889393 0.0327858 19.6555 0.889937 0.456055 -0.00515306 37.6747 -0.010369 0.0315269 0.999449 0
0.454782 -0.889981 0.0332741 20.0903 0.890568 0.454778 -0.00812234 38.5344 -0.00790361 0.0333267 0.999413 0
0.453973 -0.890014 0.0422281 20.5261 0.89077 0.454451 0.00194157 39.3875 -0.0209186 0.0367341 0.999106 0
0.453083 -0.890443 0.0427351 20.9459 0.891159 0.453669 0.00461867 40.2223 -0.0235002 0.0359911 0.999076 0
0.45193 -0.891254 0.0377516 21.3515 0.891934 0.452157 -0.00277206 41.0378 -0.0145991 0.0349247 0.999283 0
0.450533 -0.892288 0.0290086 21.7914 0.892757 0.450214 -0.0170856 41.9165 0.00218521 0.0335953 0.999433 0
0.449758 -0.892645 0.0300329 22.2798 0.89315 0.449519 -0.0146552 42.8935 -0.000418491 0.0334152 0.999441 0
0.44877 -0.893326 0.0239656 22.706 0.893633 0.448451 -0.0176414 43.7561 0.00501216 0.0293334 0.999557 0
0.44798 -0.893738 0.0233779 23.2071 0.894044 0.447836 -0.0113415 44.7731 -0.000333153 0.0259816 0.999662 0
0.447224 -0.89405 0.0258023 23.6233 0.894365 0.447334 -0.00167504 45.6191 -0.0100447 0.0238258 0.999666 0
0.446062 -0.894733 0.0219157 23.9695 0.894993 0.446034 -0.0064238 46.3206 -0.00402755 0.0224798 0.999739 0
0.444786 -0.895392 0.0209244 24.3735 0.895633 0.444727 -0.0076511 47.1423 -0.00245493 0.0221437 0.999752 0
0.443619 -0.895902 0.0237185 24.7419 0.896132 0.443783 0.00186296 47.9443 -0.0121949 0.0204284 0.999717 0
0.442439 -0.896444 0.025223 25.1273 0.896641 0.442714 0.00628496 48.7428 -0.0168007 0.0198353 0.999662 0
0.441023 -0.897217 0.0223523 25.4535 0.897436 0.441144 0.000559402 49.4184 -0.0103625 0.019813 0.99975 0
0.440883 -0.897165 0.0267672 25.8115 0.897341 0.441243 0.00917404 50.1611 -0.0200415 0.0199746 0.9996 0
0.440222 -0.89755 0.0246621 26.1075 0.897678 0.440548 0.00959997 50.7877 -0.0194813 0.0179125 0.99965 0
0.438692 -0.898294 0.0248414 26.4612 0.898349 0.439084 0.0131801 51.5233 -0.0227471 0.0165342 0.999605 0
0.429205 -0.903015 0.018632 26.749 0.90313 0.429346 0.00415754 52.153 -0.0117539 0.0150427 0.999818 0
0.430271 -0.902498 0.0191029 27.0569 0.902576 0.430466 0.00748101 52.8201 -0.0149747 0.0140229 0.99979 0
0.42959 -0.90277 0.0214141 27.4381 0.902799 0.429891 0.0121287 53.623 -0.0201552 0.0141223 0.999697 0
0.41513 -0.909621 0.0160205 27.6918 0.909633 0.415303 0.0095259 54.1575 -0.0153183 0.0106183 0.999826 0
0.420587 -0.906943 0.0236766 27.9605 0.906853 0.421033 0.0186899 54.7716 -0.0269193 0.0136105 0.999545 0
0.4023 -0.915445 0.0107397 28.175 0.915399 0.402405 0.010699 55.1793 -0.0141161 0.00552692 0.999885 0
0.401769 -0.915687 0.00991217 28.3981 0.915703 0.401827 0.0047291 55.6405 -0.00831335 0.0071766 0.99994 0
0.413485 -0.910245 0.0220127 28.6215 0.910455 0.413607 0.00111776 56.173 -0.010122 0.0195794 0.999757 0
0.408805 -0.912405 0.0199075 28.9719 0.912615 0.40879 -0.00500617 56.8372 -0.00357032 0.0202144 0.999789 0
0.416589 -0.90886 0.0206826 29.1723 0.90909 0.416407 -0.0126551 57.2732 0.00288933 0.0240743 0.999706 0
0.420819 -0.907 0.016214 29.4175 0.90714 0.420694 -0.0106344 57.7722 0.00282427 0.0191835 0.999812 0
0.425287 -0.904885 0.0177417 29.7116 0.90505 0.425286 -0.00400407 58.3625 -0.00392209 0.01776 0.999835 0
0.424136 -0.905513 0.0124035 29.9634 0.905591 0.424036 -0.00995677 58.7734 0.00375646 0.0154555 0.999874 0
0.436276 -0.899453 0.0254383 30.1874 0.8998 0.436247 -0.00698029 59.2248 -0.00481894 0.0259348 0.999652 0
0.450045 -0.892503 0.0299552 30.4878 0.892933 0.450185 -0.00229095 59.7686 -0.0114407 0.027779 0.999549 0
0.457559 -0.888868 0.0235307 30.6955 0.889151 0.457595 -0.0041562 60.1178 -0.00707323 0.0228241 0.999714 0
0.475248 -0.879649 0.0188869 30.9488 0.879832 0.475272 -0.00348557 60.5392 -0.00591033 0.0182738 0.999816 0
0.486618 -0.873527 0.0123711 31.2855 0.873588 0.486666 0.00101292 61.0095 -0.00690541 0.0103143 0.999923 0
0.509673 -0.860246 0.0144986 31.5153 0.860345 0.50971 -0.00128134 61.3061 -0.00628782 0.0131269 0.999894 0
0.534171 -0.845005 0.0250582 31.7519 0.845274 0.534332 -0.00029055 61.6584 -0.0131439 0.0213362 0.999686 0
0.561926 -0.826568 0.0320114 32.0705 0.826909 0.562321 0.00420062 62.0674 -0.0214728 0.0241101 0.999479 0
0.598812 -0.800222 0.0327001 32.3891 0.800266 0.599458 0.0150074 62.5789 -0.0316116 0.0171822 0.999353 0
0.6268 -0.778652 0.028686 32.6679 0.778637 0.627313 0.0142645 62.8239 -0.0291022 0.013395 0.999487 0
0.662487 -0.748379 0.0322532 32.9752 0.748188 0.663183 0.0200609 63.0907 -0.036403 0.0108414 0.999278 0
0.711477 -0.702067 0.0300365 33.2654 0.701738 0.712091 0.0221372 63.3356 -0.0369305 0.00532765 0.999304 0
0.738583 -0.673611 0.0272643 33.4661 0.673458 0.739056 0.0158548 63.4857 -0.0308298 0.0066513 0.999503 0
0.794518 -0.606608 0.0277 33.8894 0.606314 0.794999 0.0189613 63.8043 -0.0335235 0.0017298 0.999436 0
0.82831 -0.559755 0.0240169 34.2663 0.559472 0.828657 0.0178771 63.9943 -0.0299086 -0.00137101 0.999552 0
0.85185 -0.523325 0.0219464 34.4175 0.523229 0.852129 0.0103615 64.0934 -0.0241236 0.00265651 0.999705 0
0.888287 -0.458463 0.0275461 34.8597 0.458368 0.888706 0.0100443 64.3136 -0.0290854 0.00370403 0.99957 0
0.912091 -0.409329 0.02323 35.1735 0.409289 0.91238 0.0066554 64.4068 -0.0239188 0.00343745 0.999708 0
0.935982 -0.351546 0.0187601 35.561 0.351501 0.93617 0.00578782 64.4911 -0.0195974 0.00117691 0.999807 0
0.95592 -0.293383 0.0119717 35.9601 0.293301 0.955985 0.00815847 64.555 -0.0138384 -0.00428752 0.999895 0
0.974998 -0.220804 0.0250047 36.4703 0.220651 0.975314 0.00874221 64.6576 -0.0263178 -0.00300631 0.999649 0
0.984438 -0.174546 0.0203758 36.7311 0.174466 0.984647 0.00566178 64.6799 -0.0210512 -0.00201878 0.999776 0
0.992835 -0.118307 0.0167745 37.1198 0.118278 0.992977 0.00272958 64.6976 -0.0169796 -0.000725969 0.999856 0
0.997782 -0.0630088 0.0214843 37.4865 0.0630632 0.998008 -0.00186538 64.7026 -0.0213239 0.00321611 0.999767 0
0.999723 -0.0102687 0.0211936 37.8688 0.0102208 0.999945 0.00236773 64.7173 -0.0212168 -0.00215045 0.999773 0
0.998242 0.054077 0.0242686 38.4315 -0.0542679 0.9985 0.00727732 64.6764 -0.0238386 -0.00858153 0.999679 0
0.994851 0.0966824 0.0304126 38.7906 -0.096826 0.995296 0.00328098 64.6161 -0.0299524 -0.00620882 0.999532 0
0.991034 0.13106 0.0259629 39.0438 -0.131009 0.991374 -0.0036574 64.5796 -0.0262183 0.000223227 0.999656 0
0.985533 0.168226 0.0206312 39.3804 -0.168078 0.985735 -0.00873959 64.5025 -0.0218071 0.00514551 0.999749 0
0.978727 0.203531 0.0258642 39.7294 -0.203303 0.979052 -0.0111929 64.4335 -0.0276005 0.00569654 0.999603 0
0.97147 0.235496 0.0280797 40.1851 -0.235488 0.97187 -0.00364438 64.3241 -0.0281481 -0.00307203 0.999599 0
0.964393 0.263646 0.0208845 40.558 -0.263777 0.964576 0.00376429 64.1013 -0.0191523 -0.00913912 0.999775 0
0.957169 0.288512 0.024248 40.8901 -0.288608 0.957447 0.000473694 63.9183 -0.0230795 -0.00745157 0.999706 0
0.95013 0.311325 0.0181868 41.2076 -0.311355 0.950293 -0.00121272 63.7895 -0.0176603 -0.00451031 0.999834 0
0.942934 0.332905 0.00707996 41.6179 -0.332889 0.94296 -0.00335089 63.6131 -0.00779165 0.000802831 0.999969 0
0.936097 0.351664 0.00744122 42.0706 -0.35158 0.936098 -0.0105839 63.4195 -0.0106877 0.00729138 0.999916 0
0.929903 0.367781 -0.00414295 42.3452 -0.3678 0.929889 -0.00543835 63.3009 0.00185236 0.00658091 0.999977 0
0.92383 0.382619 -0.0118602 42.6983 -0.382629 0.923901 0.00145896 63.1372 0.0115159 0.00319024 0.999929 0
0.918063 0.396352 -0.00809868 43.1068 -0.396351 0.918097 0.00185051 62.9427 0.00816883 0.00151104 0.999965 0
0.911865 0.410486 0.00172228 43.5803 -0.410487 0.911866 0.000441395 62.6877 -0.00138931 -0.00110947 0.999998 0
0.905995 0.423181 0.00956158 44.1874 -0.423129 0.906042 -0.00699756 62.384 -0.0116244 0.00229397 0.99993 0
0.901442 0.4328 0.00929061 44.5325 -0.432699 0.90147 -0.0110759 62.2032 -0.0131688 0.00596422 0.999896 0
0.897385 0.44122 0.00497894 44.9971 -0.441135 0.897353 -0.0125959 61.957 -0.0100254 0.00910698 0.999908 0
0.894073 0.44776 0.0119918 45.5362 -0.447578 0.894116 -0.0151783 61.6449 -0.0175182 0.00820323 0.999813 0
0.891887 0.452253 0.00236924 45.9603 -0.452179 0.891815 -0.0141791 61.4164 -0.00852547 0.0115748 0.999897 0
0.888836 0.458212 0.00341404 46.447 -0.458103 0.888747 -0.0164345 61.1546 -0.0105647 0.0130436 0.999859 0
0.885988 0.463699 0.00293717 47.0702 -0.463564 0.885852 -0.0193762 60.8164 -0.0115866 0.0158055 0.999808 0
0.884247 0.467018 -0.00146581 47.5218 -0.466946 0.884047 -0.0205623 60.5683 -0.00830712 0.0188666 0.999788 0
0.88275 0.46979 -0.00707325 48.0838 -0.469831 0.882523 -0.0203066 60.2592 -0.00329751 0.0212489 0.999769 0
0.880956 0.473198 -0.000409944 48.7426 -0.473049 0.880657 -0.0258293 59.8956 -0.0118613 0.0229484 0.999666 0
0.880242 0.474379 -0.0117724 49.2602 -0.474524 0.879917 -0.0239414 59.6123 -0.000998522 0.0266605 0.999644 0
0.880233 0.473935 -0.0240028 49.9155 -0.474425 0.880013 -0.0223248 59.2523 0.0105423 0.0310386 0.999463 0
0.880689 0.47327 -0.0200374 50.6636 -0.473674 0.880256 -0.0279654 58.8407 0.00440282 0.0341201 0.999408 0
0.88199 0.470106 -0.0330743 51.2611 -0.470912 0.881879 -0.0230415 58.5238 0.0183356 0.0358975 0.999187 0
0.883624 0.467069 -0.0324817 51.9322 -0.467882 0.883446 -0.0246749 58.1694 0.017171 0.0370009 0.999168 0
0.885487 0.463727 -0.0294989 52.7594 -0.46447 0.885167 -0.0273337 57.7318 0.0134361 0.037905 0.999191 0
0.887058 0.460641 -0.0306185 53.3696 -0.461413 0.886794 -0.0263388 57.422 0.0150196 0.0374918 0.999184 0
0.88884 0.457279 -0.0293108 54.1052 -0.457975 0.888631 -0.0243684 57.0496 0.0149033 0.0350832 0.999273 0
0.890554 0.454685 -0.0132484 54.951 -0.454876 0.890087 -0.0288679 56.6247 -0.00133362 0.0317348 0.999495 0
0.891388 0.453208 -0.00550667 55.7208 -0.45319 0.891038 -0.0258926 56.2266 -0.00682808 0.0255759 0.99965 0
0.893171 0.449708 -0.00295589 56.3869 -0.449594 0.892753 -0.0292846 55.8111 -0.0105306 0.0274851 0.999567 0
0.893369 0.449322 0.0016289 57.1433 -0.44916 0.893133 -0.0238711 55.4206 -0.0121806 0.0205941 0.999714 0
0.893324 0.449413 0.000258941 57.757 -0.449306 0.893124 -0.0212687 55.1267 -0.0097897 0.0188835 0.999774 0
0.892617 0.45077 0.00641734 58.5023 -0.450594 0.892534 -0.018629 54.7476 -0.0141251 0.0137369 0.999806 0
0.892436 0.451109 0.00764972 59.1033 -0.450842 0.892301 -0.0232469 54.3623 -0.0173128 0.0172976 0.9997 0
0.892203 0.451428 0.0136207 59.8277 -0.45104 0.892171 -0.0243784 53.987 -0.0231571 0.015607 0.99961 0
0.892127 0.451644 0.0112363 60.4194 -0.451287 0.892037 -0.0247091 53.6967 -0.0211829 0.0169729 0.999632 0
0.892269 0.451225 0.0158714 61.1106 -0.450809 0.892295 -0.0241122 53.3431 -0.025042 0.0143596 0.999583 0
0.892213 0.451522 0.00916089 61.6928 -0.451263 0.892134 -0.0214041 53.0586 -0.0178372 0.014963 0.999729 0
0.891885 0.452092 0.0124524 62.3572 -0.45176 0.891853 -0.0226047 52.7413 -0.0213251 0.0145353 0.999667 0
0.890877 0.454244 0.00113501 62.9251 -0.454177 0.890782 -0.0151818 52.4653 -0.00790731 0.0130097 0.999884 0
0.889326 0.457271 0.00130152 63.5751 -0.457217 0.889259 -0.0130857 52.1515 -0.00714111 0.0110424 0.999914 0
0.887324 0.461131 0.00389911 64.3754 -0.461066 0.887294 -0.0113338 51.7508 -0.00868601 0.00825897 0.999928 0
0.884564 0.466407 -0.00341696 65.0995 -0.466417 0.884557 -0.00364629 51.378 0.00132185 0.0048191 0.999988 0
0.881538 0.472088 0.00484904 65.8882 -0.472066 0.881549 -0.0049985 50.9735 -0.00663439 0.0021173 0.999976 0
0.877695 0.479219 -2.05063e-05 66.5838 -0.479219 0.877695 -0.000190451 50.6064 -7.32695e-05 0.000176985 1 0
0.872949 0.487808 -0.00210545 67.4216 -0.487799 0.872949 0.00360924 50.1469 0.00359857 -0.00212365 0.999991 0
0.868491 0.495704 -0.000616809 68.0889 -0.495697 0.868485 0.00430231 49.7828 0.00266836 -0.00343077 0.999991 0
0.863269 0.504725 0.00441676 68.9041 -0.504742 0.863259 0.00434835 49.3184 -0.00161808 -0.00598312 0.999981 0
0.857653 0.514229 0.000419873 69.6096 -0.514204 0.857602 0.0105963 48.9055 0.00508886 -0.00930387 0.999944 0
0.853655 0.520798 0.00652762 70.2917 -0.52083 0.853648 0.00461567 48.3982 -0.00316846 -0.00733996 0.999968 0
0.848198 0.529643 0.00616054 70.9607 -0.529678 0.848164 0.0077383 47.981 -0.00112661 -0.00982671 0.999951 0
0.843109 0.537725 0.00432424 71.6546 -0.537743 0.843075 0.00754047 47.454 0.000409048 -0.00868277 0.999962 0
0.838817 0.544341 0.00890768 72.2901 -0.544405 0.838785 0.00800398 47.025 -0.00311473 -0.0115633 0.999928 0
0.833928 0.551782 0.010002 72.9356 -0.551844 0.833934 0.0048495 46.509 -0.00566511 -0.00956366 0.999938 0
0.829028 0.559154 0.00778042 73.5904 -0.559203 0.828996 0.00754847 46.0536 -0.00222919 -0.0106087 0.999941 0
0.814539 0.579914 0.015035 74.1563 -0.579989 0.814624 0.00072752 45.5738 -0.011826 -0.00931271 0.999887 0
0.808899 0.587601 0.0201803 74.7467 -0.5877 0.809078 -0.00119861 45.1286 -0.0170317 -0.0108904 0.999796 0
0.804433 0.593735 0.0191599 75.295 -0.59377 0.804623 -0.00440868 44.6408 -0.018034 -0.00783007 0.999807 0
0.801823 0.597371 0.0150938 75.9119 -0.597353 0.801955 -0.00616661 44.1773 -0.0157883 -0.00407178 0.999867 0
0.792965 0.609257 0.00345386 76.4294 -0.60924 0.792971 -0.00488584 43.8006 -0.00571555 0.00177007 0.999982 0
0.796302 0.604802 0.0108073 76.9623 -0.604753 0.796376 -0.00774126 43.3636 -0.0132886 -0.000371349 0.999912 0
0.79635 0.604801 0.00654594 77.4028 -0.604776 0.796376 -0.00553064 43.0179 -0.00855797 0.000445492 0.999963 0
0.792077 0.610417 0.00231813 77.9605 -0.6104 0.792075 -0.00533225 42.6045 -0.00509103 0.00280857 0.999983 0
0.789093 0.614273 0.000804171 78.638 -0.614239 0.789063 -0.00951062 42.1182 -0.00647666 0.00701082 0.999954 0
0.793862 0.608095 0.00174815 79.0324 -0.60808 0.793858 -0.00531639 41.7921 -0.00462065 0.00315747 0.999984 0
0.796509 0.604625 0.00160391 79.5208 -0.604611 0.796505 -0.00502456 41.4206 -0.0043155 0.00303236 0.999986 0
0.796789 0.604253 0.00220704 80.1339 -0.60422 0.796775 -0.00822283 40.9868 -0.00672719 0.00521833 0.999964 0
0.808613 0.588291 0.00765013 80.4768 -0.588293 0.808645 -0.00228324 40.6886 -0.00752944 -0.00265426 0.999968 0
0.819985 0.572276 0.0111833 80.9222 -0.572294 0.820047 -0.00185291 40.3579 -0.0102312 -0.00488076 0.999936 0
0.829728 0.557991 0.0140571 81.4783 -0.557987 0.829837 -0.00451796 39.9945 -0.014186 -0.00409497 0.999891 0
0.834874 0.55043 0.0034665 81.8779 -0.550425 0.834881 -0.00245225 39.7815 -0.00424391 0.000139271 0.999991 0
0.8541 0.520032 0.0089249 82.2963 -0.520073 0.854117 0.00295037 39.49 -0.00608862 -0.00716152 0.999956 0
0.864182 0.503059 0.0110182 82.8343 -0.503112 0.864218 0.00249168 39.1809 -0.00826866 -0.00769664 0.999936 0
0.880167 0.474636 0.00512776 83.2246 -0.474657 0.880161 0.00419274 39.0061 -0.00252323 -0.00612424 0.999978 0
0.896844 0.442346 0.000968508 83.7174 -0.442347 0.896841 0.00209781 38.8255 5.93609e-05 -0.00230983 0.999997 0
0.912305 0.409424 0.0085125 84.2706 -0.409437 0.912338 -0.00015214 38.5879 -0.00782856 -0.00334654 0.999964 0
0.940673 0.339314 0.00105814 84.5811 -0.339311 0.940672 -0.0022173 38.4904 -0.00174772 0.00172671 0.999997 0
0.954908 0.296853 -0.00536215 84.9795 -0.296872 0.954913 -0.00300476 38.4253 0.00422841 0.00446113 0.999981 0
0.96833 0.249662 -0.00234823 85.4284 -0.249663 0.968333 -0.000163301 38.3234 0.0022331 0.000744396 0.999997 0
0.98061 0.195968 -0.000566909 85.9884 -0.195968 0.98061 -0.00096755 38.246 0.000366308 0.00105989 0.999999 0
0.991418 0.130729 0.00114002 86.6617 -0.130714 0.991382 -0.00863646 38.1899 -0.00225923 0.00841332 0.999962 0
0.996906 0.0785646 -0.00245527 87.035 -0.0785826 0.996873 -0.00834913 38.1855 0.00179165 0.00851624 0.999962 0
0.999853 0.0147594 -0.00874039 87.4991 -0.0148668 0.999813 -0.0123526 38.2249 0.00855644 0.0124807 0.999885 0
0.998138 -0.0593433 -0.0140695 88.0581 0.0590977 0.998103 -0.0172721 38.3093 0.0150678 0.0164085 0.999752 0
0.990276 -0.139021 -0.00509302 88.6879 0.138941 0.990207 -0.013657 38.3924 0.00694176 0.0128166 0.999894 0
0.981028 -0.193693 -0.00823624 89.0737 0.193567 0.980987 -0.0140055 38.5184 0.0107924 0.0121455 0.999868 0
0.965619 -0.259789 -0.0094118 89.547 0.259608 0.965563 -0.0170863 38.7041 0.0135265 0.0140555 0.99981 0
0.943444 -0.331513 0.00345529 90.0578 0.331528 0.943343 -0.0139188 38.895 0.00135474 0.0142772 0.999897 0
0.92723 -0.374461 0.00479265 90.3372 0.374491 0.927131 -0.0136152 39.0484 0.00065496 0.0144193 0.999896 0
0.904454 -0.426534 0.00561114 90.695 0.426569 0.904337 -0.0146085 39.271 0.00115668 0.0156063 0.999878 0
0.876531 -0.481065 0.0164253 91.0713 0.481202 0.876592 -0.00557107 39.5128 -0.0117183 0.0127871 0.99985 0
0.84359 -0.536337 0.026418 91.5397 0.53647 0.843916 0.00234971 39.8424 -0.0235548 0.0121903 0.999648 0
0.818351 -0.574404 0.0189945 91.8089 0.574497 0.818507 0.000715538 40.0603 -0.0159581 0.0103267 0.999819 0
0.793987 -0.607607 0.0199713 92.0818 0.607586 0.794216 0.0077812 40.2943 -0.0205894 0.0059561 0.99977 0
0.769171 -0.638845 0.0159003 92.4245 0.638731 0.769335 0.0121165 40.6117 -0.0199732 0.000836343 0.9998 0
0.74531 -0.666452 0.0188139 92.8199 0.666123 0.745541 0.0212017 40.9831 -0.0281564 -0.00326952 0.999598 0
0.727459 -0.685993 0.0146901 93.1219 0.685826 0.727607 0.0151698 41.273 -0.021095 -0.000960537 0.999777 0
0.713494 -0.700389 0.0195527 93.4548 0.700234 0.713755 0.0150133 41.602 -0.024471 0.0029796 0.999696 0
0.702299 -0.71158 0.0207455 93.8742 0.711402 0.702597 0.016261 42.0269 -0.0261467 0.00333831 0.999653 0
0.694322 -0.71949 0.015839 94.163 0.719267 0.694502 0.0179565 42.3321 -0.0239197 -0.00107509 0.999713 0
0.688323 -0.725359 0.00815755 94.5221 0.725141 0.688332 0.0192311 42.7192 -0.0195646 -0.00732185 0.999782 0
0.684219 -0.72925 0.00629409 94.9384 0.728875 0.684102 0.0272951 43.1637 -0.0242107 -0.0140882 0.999608 0
0.682971 -0.730428 -0.00511799 95.2695 0.730347 0.682747 0.0212097 43.5143 -0.0119979 -0.0182235 0.999762 0
0.683094 -0.730311 -0.00530755 95.645 0.730242 0.68288 0.0205211 43.9025 -0.0113623 -0.0178936 0.999775 0
0.685248 -0.728277 -0.00686457 96.1207 0.728278 0.6851 0.0157856 44.3987 -0.00679337 -0.0158164 0.999852 0
0.687668 -0.725775 -0.0190501 96.5096 0.725905 0.687795 -0.000122785 44.799 0.0131917 -0.0137441 0.999819 0
0.690307 -0.72313 -0.0236509 96.9419 0.723282 0.690547 -0.00291457 45.2461 0.0184397 -0.0150943 0.999716 0
0.694193 -0.719584 -0.0171608 97.4328 0.719774 0.694134 0.0101568 45.7583 0.00460326 -0.0194027 0.999801 0
0.697537 -0.716256 -0.0204723 97.8244 0.716504 0.697528 0.00874274 46.1575 0.00801798 -0.0207669 0.999752 0
0.700727 -0.713337 -0.0115212 98.2712 0.713427 0.700588 0.014078 46.6013 -0.00197071 -0.0180844 0.999835 0
0.703583 -0.71061 -0.00218314 98.8231 0.710503 0.703415 0.0198281 47.157 -0.0125544 -0.0155018 0.999801 0
0.705879 -0.708332 0.000655044 99.2387 0.708171 0.705738 0.0206867 47.5717 -0.0151154 -0.0141384 0.999786 0
0.707352 -0.706858 0.0020568 99.7347 0.706753 0.707292 0.0154421 48.0593 -0.0123701 -0.00946933 0.999879 0
0.707911 -0.706213 0.0111889 100.325 0.705993 0.707981 0.0183392 48.6316 -0.0208729 -0.00508319 0.999769 0
0.707572 -0.706638 0.00233905 100.772 0.706599 0.707561 0.00865914 49.0889 -0.0077739 -0.00447419 0.99996 0
0.706395 -0.707787 -0.0066722 101.323 0.70781 0.706399 0.00203207 49.6489 0.00327497 -0.0061581 0.999976 0
0.704739 -0.709405 -0.0093115 101.793 0.70943 0.704776 -0.000920402 50.1209 0.00721546 -0.00595721 0.999956 0
0.703496 -0.710694 0.00272789 102.316 0.710651 0.703487 0.00901498 50.6477 -0.00832593 -0.00440342 0.999956 0
0.701994 -0.712172 0.00386063 102.782 0.712111 0.70199 0.0104078 51.1276 -0.0101223 -0.00455703 0.999938 0
0.700357 -0.713791 0.0013762 103.354 0.71374 0.700328 0.0107938 51.7146 -0.00866833 -0.00657729 0.999941 0
0.699189 -0.714919 -0.00497183 103.83 0.714928 0.699129 0.00981454 52.2079 -0.00354065 -0.0104167 0.99994 0
0.697282 -0.716793 -0.00257052 104.361 0.71674 0.697177 0.0150999 52.7604 -0.00903141 -0.0123713 0.999883 0
0.694451 -0.71948 -0.00930035 104.839 0.71954 0.6944 0.00842283 53.2559 0.000398104 -0.0125412 0.999921 0
0.691802 -0.72199 -0.0119001 105.429 0.722063 0.69182 0.00311672 53.8676 0.00598249 -0.0107488 0.999924 0
0.689126 -0.724541 -0.0120648 105.919 0.724582 0.689187 -0.00125951 54.3776 0.00922747 -0.00787398 0.999926 0
0.68713 -0.726443 -0.0115524 106.514 0.726457 0.687202 -0.00369413 55.0029 0.0106224 -0.00585395 0.999926 0
0.685841 -0.727749 0.00186846 107.187 0.727725 0.685836 0.00672859 55.7193 -0.00617818 -0.00325501 0.999976 0
0.684766 -0.7286 0.0154202 107.783 0.728443 0.684939 0.0151546 56.344 -0.0216035 0.000855343 0.999766 0
0.684382 -0.728945 0.0161459 108.273 0.728814 0.684569 0.0139757 56.8704 -0.0212404 0.00220265 0.999772 0
0.684304 -0.729078 0.0131451 108.894 0.72894 0.68443 0.0141826 57.5362 -0.0193372 -0.000123217 0.999813 0
0.684696 -0.728807 0.00565946 109.377 0.728693 0.684698 0.0140141 58.0656 -0.0140886 -0.0054714 0.999886 0
0.684928 -0.728573 0.0074512 109.935 0.728286 0.684891 0.0228753 58.6675 -0.0217696 -0.0102413 0.999711 0
0.686028 -0.727571 -0.00235683 110.422 0.727413 0.685803 0.0233333 59.1976 -0.0153603 -0.0177217 0.999725 0
0.6883 -0.725373 -0.00876146 111.022 0.725328 0.687959 0.0247328 59.8471 -0.011913 -0.0233785 0.999656 0
0.690044 -0.723629 -0.0141362 111.519 0.723746 0.689741 0.0212052 60.3692 -0.00559444 -0.0248635 0.999675 0
0.691686 -0.721911 -0.0203734 112.119 0.722193 0.691515 0.0156566 60.9989 0.00278582 -0.0255429 0.99967 0
0.693202 -0.720673 -0.0100959 112.809 0.720709 0.692962 0.0195785 61.7194 -0.00711364 -0.0208481 0.999757 0
0.693524 -0.720433 0.000290704 113.406 0.720236 0.693343 0.0231484 62.3248 -0.0168784 -0.0158446 0.999732 0
0.69435 -0.71963 -0.00320099 113.904 0.71959 0.694247 0.0145547 62.8431 -0.00825169 -0.0124094 0.999889 0
0.695096 -0.718917 0.000662234 114.458 0.718779 0.69498 0.018965 63.4049 -0.0140945 -0.0127065 0.99982 0
0.695985 -0.718042 0.00457725 115.149 0.717673 0.695808 0.0282137 64.1174 -0.0234435 -0.0163513 0.999591 0
0.696809 -0.717256 0.000596408 115.775 0.716929 0.696516 0.0296306 64.7621 -0.0216681 -0.0202193 0.999561 0
0.697218 -0.716823 -0.00722043 116.258 0.716751 0.696904 0.0243438 65.2403 -0.0124183 -0.0221482 0.999678 0
0.697871 -0.716009 -0.0174961 116.861 0.716198 0.697844 0.00864369 65.8497 0.00602057 -0.0185628 0.99981 0
0.697747 -0.716178 -0.015428 117.555 0.716254 0.69784 -0.000881853 66.531 0.0113979 -0.0104351 0.999881 0
0.697035 -0.716792 -0.0187542 118.172 0.716797 0.69724 -0.00763423 67.1475 0.0185483 -0.00812161 0.999795 0
0.696835 -0.717231 -0.00060849 118.862 0.717206 0.696803 0.00904197 67.8386 -0.00606119 -0.00673717 0.999959 0
0.695569 -0.71817 0.0203982 119.455 0.717582 0.695842 0.0296694 68.4123 -0.0355016 -0.00599974 0.999352 0
0.694739 -0.719062 0.0169702 119.925 0.718481 0.69489 0.0302142 68.8893 -0.0335183 -0.00879826 0.999399 0
0.694252 -0.719728 0.00261613 120.505 0.719564 0.694163 0.0190992 69.484 -0.0155623 -0.0113772 0.999814 0
0.693226 -0.720719 -0.00145668 121.186 0.720626 0.693102 0.0175353 70.1672 -0.0116284 -0.0132057 0.999845 0
0.692248 -0.721637 -0.00577956 121.772 0.721656 0.692194 0.00898026 70.7771 -0.00247992 -0.0103874 0.999943 0
0.690364 -0.723424 -0.00734266 122.24 0.723461 0.690345 0.00527923 71.248 0.00124985 -0.00895672 0.999959 0
0.688099 -0.725611 -0.00281704 122.764 0.725595 0.688044 0.010321 71.7822 -0.00555076 -0.00914589 0.999943 0
0.684692 -0.728832 0.000761802 123.423 0.728757 0.684636 0.0136821 72.465 -0.0104935 -0.00881285 0.999906 0
0.681734 -0.731577 -0.00573455 123.995 0.731595 0.681679 0.00915085 73.0794 -0.00278543 -0.0104338 0.999942 0
0.67974 -0.733446 -0.00342078 124.645 0.733349 0.679556 0.0200805 73.7764 -0.0124033 -0.0161581 0.999793 0
0.678254 -0.734827 -0.000578279 125.181 0.734498 0.677927 0.0304675 74.3533 -0.0219963 -0.0210894 0.999536 0
0.676657 -0.736282 -0.00498683 125.631 0.736112 0.676318 0.0270854 74.8388 -0.0165698 -0.0219984 0.999621 0
0.675508 -0.737352 0.000901525 126.146 0.736957 0.675185 0.0319256 75.3918 -0.0241491 -0.0209016 0.99949 0
0.673643 -0.739014 -0.00795549 126.582 0.738999 0.673417 0.0197525 75.8731 -0.00924 -0.0191852 0.999773 0
0.670547 -0.741722 -0.0146758 127.111 0.741843 0.670554 0.00511492 76.453 0.00604709 -0.0143169 0.999879 0
0.666546 -0.745389 -0.0105924 127.736 0.745434 0.666579 0.000585319 77.1419 0.00662437 -0.00828607 0.999944 0
0.661734 -0.749701 -0.00743492 128.236 0.749734 0.66173 0.00337763 77.7006 0.00238769 -0.00780931 0.999967 0
0.657012 -0.753879 -0.000826654 128.849 0.75385 0.656976 0.0096868 78.4146 -0.00675959 -0.00698752 0.999953 0
0.652802 -0.757528 0.000637429 129.397 0.757508 0.652791 0.00670662 79.0634 -0.00549656 -0.00389524 0.999977 0
0.64965 -0.760198 0.00739472 130.008 0.759972 0.64965 0.0199363 79.7902 -0.0199595 -0.00733182 0.999774 0
0.646804 -0.76262 0.00744883 130.51 0.762215 0.646731 0.027702 80.3994 -0.0259434 -0.0122401 0.999588 0
0.642211 -0.766518 -0.00396799 130.929 0.766473 0.642094 0.0153144 80.9008 -0.00919091 -0.0128764 0.999875 0
0.636767 -0.771038 -0.00532847 131.407 0.771047 0.636711 0.00923107 81.466 -0.0037248 -0.00998655 0.999943 0
0.631765 -0.775153 -0.00334281 131.998 0.775154 0.631739 0.00647087 82.2089 -0.00290413 -0.00667927 0.999973 0
0.625919 -0.779885 -0.00231086 132.505 0.779838 0.625842 0.0132157 82.8433 -0.00886049 -0.0100741 0.99991 0
0.620042 -0.784563 -0.00292666 133.099 0.784418 0.619845 0.0219048 83.6105 -0.0153717 -0.0158776 0.999756 0
0.613081 -0.789911 -0.0131222 133.633 0.790011 0.612908 0.0150616 84.3206 -0.00385465 -0.0196007 0.9998 0
0.605823 -0.79535 -0.0199403 134.063 0.79556 0.605852 0.0052021 84.8861 0.00794338 -0.0190152 0.999788 0
0.599252 -0.800396 -0.0162159 134.539 0.800556 0.599193 0.00882586 85.5228 0.00265226 -0.0182707 0.99983 0
0.592832 -0.805252 -0.0109768 135.119 0.805282 0.5926 0.0185933 86.3204 -0.00846746 -0.0198621 0.999767 0
0.586762 -0.809703 -0.00956506 135.624 0.809613 0.58639 0.0259661 87.0378 -0.015416 -0.0229799 0.999617 0
0.580245 -0.81434 -0.0129173 136.035 0.814358 0.579885 0.0235323 87.6299 -0.0116727 -0.0241738 0.99964 0
0.574686 -0.818254 -0.0139874 136.53 0.818332 0.574399 0.0199753 88.3472 -0.00831053 -0.0229259 0.999703 0
0.570276 -0.821262 -0.0177405 136.924 0.82145 0.57008 0.0150945 88.927 -0.00228302 -0.023181 0.999729 0
0.566835 -0.823653 -0.0171409 137.371 0.82381 0.566547 0.0190015 89.5816 -0.00593952 -0.0248916 0.999673 0
0.563394 -0.825939 -0.0203086 137.907 0.826145 0.562943 0.0240672 90.3939 -0.00844542 -0.0303372 0.999504 0
0.560553 -0.827619 -0.0287719 138.401 0.828117 0.560285 0.0174192 91.1511 0.001704 -0.0335909 0.999434 0
0.557891 -0.829321 -0.0313775 138.801 0.829896 0.557733 0.0144009 91.7515 0.0055573 -0.0340741 0.999404 0
0.55591 -0.830864 -0.0250787 139.246 0.831179 0.555244 0.0290802 92.4282 -0.0102369 -0.0370109 0.999262 0
0.554351 -0.832133 -0.015802 139.799 0.831755 0.553223 0.0461368 93.2704 -0.0296499 -0.0387194 0.99881 0
0.551023 -0.83444 -0.009138 140.25 0.833369 0.549682 0.0578422 93.9646 -0.0432428 -0.0394877 0.998284 0
0.547225 -0.836923 -0.0102829 140.634 0.836429 0.546371 0.043193 94.5561 -0.0305309 -0.0322372 0.999014 0
0.542353 -0.840145 -0.00316939 141.076 0.839621 0.541874 0.0375317 95.2342 -0.0298147 -0.0230165 0.99929 0
0.536256 -0.843969 -0.0121005 141.45 0.84391 0.535842 0.0262663 95.8402 -0.015684 -0.0242972 0.999582 0
0.530387 -0.847627 -0.014809 141.902 0.847674 0.530013 0.0231206 96.5862 -0.0117487 -0.0248161 0.999623 0
0.524048 -0.851587 -0.0131776 142.268 0.851655 0.523827 0.0169784 97.1736 -0.00755576 -0.0201203 0.999769 0
0.518112 -0.855255 -0.00995968 142.719 0.855309 0.518036 0.00925426 97.9294 -0.00275528 -0.0133133 0.999908 0
0.513209 -0.858259 0.00295811 143.232 0.858132 0.513187 0.0157493 98.7835 -0.015035 -0.00554421 0.999872 0
0.508131 -0.861235 0.00882391 143.652 0.861013 0.508202 0.0196735 99.5039 -0.0214279 -0.00239924 0.999768 0
0.502599 -0.864512 0.00369936 144.003 0.864498 0.502612 0.00487189 100.112 -0.00607114 0.000749479 0.999981 0
0.496876 -0.867742 0.0117458 144.406 0.867819 0.496865 -0.0039753 100.81 -0.00238654 0.0121684 0.999923 0
0.490763 -0.871181 0.013979 144.828 0.871293 0.490705 -0.00753118 101.55 -0.000298525 0.0158758 0.999874 0
0.485672 -0.874086 0.009781 145.255 0.874139 0.485665 -0.00326005 102.339 -0.00190073 0.0101333 0.999947 0
0.481271 -0.876474 0.0130724 145.732 0.876277 0.481443 0.018734 103.237 -0.0227135 0.00243893 0.999739 0
0.477217 -0.878735 0.00942352 146.163 0.878487 0.477307 0.0209145 104.048 -0.0228762 -0.00170232 0.999737 0
0.474944 -0.879999 0.00540969 146.504 0.879931 0.474975 0.0109378 104.69 -0.0121947 -0.00043468 0.999926 0
0.472781 -0.881179 -0.00129613 146.879 0.881106 0.472722 0.0136436 105.413 -0.0114098 -0.00759247 0.999906 0
0.470857 -0.882193 -0.00538652 147.353 0.882103 0.470697 0.0183993 106.303 -0.0136963 -0.0134149 0.999816 0
0.468784 -0.883307 -0.00331027 147.785 0.883236 0.46869 0.0149382 107.115 -0.0116435 -0.00992654 0.999883 0
0.467497 -0.883995 6.4725e-05 148.125 0.883884 0.467439 0.0158302 107.758 -0.014024 -0.00734334 0.999875 0
0.467687 -0.883892 0.00206179 148.536 0.883711 0.467636 0.0192748 108.557 -0.018001 -0.00719255 0.999812 0
0.467159 -0.884173 0.000745736 148.858 0.884049 0.467107 0.016394 109.183 -0.0148435 -0.00699935 0.999865 0
0.466293 -0.884627 0.00233702 149.245 0.884456 0.466252 0.0186439 109.913 -0.0175825 -0.00662652 0.999823 0
0.464873 -0.885375 -0.00222576 149.565 0.88537 0.464878 -0.00291889 110.515 0.00361902 -0.000613705 0.999993 0
0.46267 -0.88653 -0.00115328 149.969 0.886281 0.46257 -0.0231089 111.271 0.0210202 0.00966965 0.999732 0
0.462217 -0.886711 0.00992176 150.438 0.88672 0.462048 -0.0154731 112.143 0.00913589 0.0159498 0.999831 0
0.461513 -0.887082 0.00954491 150.828 0.887125 0.461437 -0.00915694 112.905 0.00371858 0.0126936 0.999913 0
0.460386 -0.887646 0.0114049 151.31 0.887686 0.460442 0.00275927 113.843 -0.00770053 0.00885361 0.999931 0
0.459712 -0.887881 0.0182276 151.693 0.887806 0.459978 0.0148537 114.59 -0.0215726 0.0093541 0.999723 0
0.459504 -0.888107 0.0110432 152 0.888155 0.459543 0.00113831 115.191 -0.00608575 0.00928497 0.999938 0
0.459528 -0.88816 0.00224094 152.385 0.888134 0.459492 -0.00920208 115.952 0.00714323 0.00621888 0.999955 0
0.459546 -0.888152 -0.00185905 152.665 0.888106 0.459542 -0.00942648 116.505 0.00922646 0.00268087 0.999954 0
0.459579 -0.888123 -0.00489245 153.021 0.888075 0.459605 -0.00924083 117.208 0.0104556 -9.79708e-05 0.999945 0
0.459683 -0.888065 -0.00569613 153.46 0.888062 0.459707 -0.00400714 118.079 0.00617715 -0.0032165 0.999976 0
0.460425 -0.887694 -0.00289734 153.813 0.887681 0.460393 0.00784944 118.775 -0.00563398 -0.00618599 0.999965 0
0.460942 -0.887427 0.00234934 154.237 0.88722 0.460889 0.0205322 119.612 -0.0193037 -0.00737979 0.999786 0
0.461156 -0.88731 -0.0039694 154.584 0.887283 0.461093 0.0110941 120.317 -0.00801363 -0.00863809 0.999931 0
0.461137 -0.887318 -0.00449687 154.873 0.887321 0.461106 0.00649401 120.909 -0.00368871 -0.00698479 0.999969 0
0.459702 -0.888059 -0.00501031 155.187 0.88807 0.459677 0.00541227 121.546 -0.00250329 -0.00693754 0.999973 0
0.45868 -0.888581 -0.00598955 155.541 0.888601 0.458666 0.00363622 122.258 -0.000483874 -0.00699019 0.999975 0
0.458049 -0.888925 0.00189632 155.883 0.888882 0.458046 0.00904595 122.925 -0.00890977 -0.00245789 0.999957 0
0.456866 -0.889497 0.00826766 156.254 0.889376 0.45694 0.0146887 123.655 -0.0168434 0.000642289 0.999858 0
0.45619 -0.88987 0.00482427 156.593 0.889831 0.456215 0.00833609 124.339 -0.00961894 0.000489939 0.999954 0
0.456523 -0.889691 0.00604231 156.873 0.889658 0.456559 0.00786663 124.901 -0.00975755 0.00178429 0.999951 0
0.457922 -0.88898 0.00460859 157.18 0.888956 0.457944 0.00668151 125.52 -0.00805021 0.00103722 0.999967 0
0.459401 -0.888214 0.00506623 157.557 0.888179 0.459428 0.00802783 126.261 -0.009458 0.000811721 0.999955 0
0.461547 -0.887105 0.00441274 157.835 0.887069 0.461568 0.0079842 126.814 -0.0091196 0.000229319 0.999958 0
0.464017 -0.885823 0.00258377 158.147 0.885798 0.464023 0.00667873 127.427 -0.0071151 -0.000810345 0.999974 0
0.46743 -0.884028 0.00185116 158.537 0.883999 0.46743 0.00743811 128.178 -0.00744079 -0.00184037 0.999971 0
0.470998 -0.882134 -0.000125217 158.801 0.882106 0.470982 0.00802248 128.687 -0.00701793 -0.00388903 0.999968 0
0.475436 -0.879743 -0.0034389 159.116 0.879738 0.475405 0.00719113 129.287 -0.00469148 -0.00644426 0.999968 0
0.479959 -0.877271 -0.00598739 159.51 0.877283 0.479912 0.00771486 130.032 -0.0038946 -0.00895544 0.999952 0
0.48532 -0.874284 -0.00963217 159.763 0.874336 0.485275 0.00671765 130.5 -0.00119888 -0.011682 0.999931 0
0.490408 -0.871381 -0.0139512 160.078 0.871488 0.490397 0.00440922 131.081 0.00299949 -0.0143206 0.999893 0
0.496515 -0.867877 -0.0161876 160.479 0.868018 0.496513 0.00445933 131.809 0.00416719 -0.0162652 0.999859 0
0.501897 -0.864835 -0.0126805 160.729 0.864926 0.501871 0.00540274 132.247 0.00169151 -0.0136793 0.999905 0
0.506723 -0.862094 -0.00499784 161.052 0.862104 0.506692 0.00634782 132.801 -0.00294005 -0.00752525 0.999967 0
0.511793 -0.859052 0.00982996 161.432 0.858928 0.511887 0.0146578 133.436 -0.0176236 0.000941463 0.999844 0
0.515737 -0.856711 0.0079089 161.698 0.856686 0.515788 0.00719476 133.906 -0.0102431 0.00306484 0.999943 0
0.517536 -0.855657 0.0029167 162.028 0.855654 0.517542 0.00249587 134.487 -0.00364512 0.00120398 0.999993 0
0.518436 -0.855065 0.00931847 162.412 0.854986 0.518517 0.0118047 135.122 -0.0149255 0.00184719 0.999887 0
0.517876 -0.855441 0.00509265 162.687 0.855399 0.517901 0.00840218 135.612 -0.00982506 4.96797e-06 0.999952 0
0.517488 -0.855683 0.00362587 163.027 0.855668 0.517501 0.00508938 136.193 -0.00623129 0.000468843 0.99998 0
0.517591 -0.855609 0.00566013 163.407 0.855454 0.517608 0.0167555 136.842 -0.0172659 -0.00383055 0.999844 0
0.516952 -0.855991 -0.00634396 163.684 0.856 0.516887 0.00956405 137.338 -0.00490763 -0.0103746 0.999934 0
0.515653 -0.856653 -0.0157244 164.023 0.856739 0.515745 -0.00217441 137.921 0.00997252 -0.0123505 0.999874 0
0.513686 -0.857918 -0.010192 164.413 0.857966 0.513707 0.000605102 138.569 0.00471658 -0.00905524 0.999948 0
0.510598 -0.859749 -0.0110336 164.702 0.859759 0.510672 -0.00533574 139.07 0.010222 -0.00676182 0.999925 0
0.507066 -0.861774 -0.0151393 165.05 0.861867 0.507133 -0.000679982 139.663 0.00826365 -0.0127033 0.999885 0
0.503924 -0.863741 -0.00348558 165.452 0.863567 0.503732 0.0225028 140.338 -0.0176808 -0.0143497 0.999741 0
0.500432 -0.865771 0.00302353 165.74 0.865431 0.500328 0.0264879 140.822 -0.0244452 -0.0106387 0.999645 0
0.497149 -0.867632 0.00753861 166.094 0.867302 0.497174 0.024598 141.415 -0.02509 -0.0056906 0.999669 0
0.494882 -0.868874 0.0122396 166.501 0.86827 0.495001 0.0328919 142.084 -0.0346375 -0.00565028 0.999384 0
0.492318 -0.870405 0.00421434 166.786 0.870104 0.492266 0.0243515 142.56 -0.0232703 -0.00832178 0.999695 0
0.489534 -0.87198 0.00285374 167.142 0.871903 0.48953 0.0120954 143.154 -0.011944 -0.00343295 0.999923 0
0.487639 -0.872905 0.0156263 167.565 0.872751 0.487862 0.0172214 143.821 -0.0226561 0.00524 0.99973 0
0.486268 -0.873548 0.0214038 167.858 0.873528 0.486587 0.0134612 144.312 -0.0221739 0.0121511 0.99968 0
0.484907 -0.87417 0.0262995 168.224 0.874292 0.485288 0.0104294 144.926 -0.0218799 0.0179361 0.9996 0
0.483191 -0.875079 0.0276084 168.499 0.875251 0.483579 0.00927731 145.389 -0.0214692 0.0196816 0.999576 0
0.482137 -0.875645 0.0281225 168.839 0.875955 0.482387 0.00245354 145.974 -0.0157143 0.0234511 0.999601 0
0.480986 -0.876071 0.033938 169.267 0.876614 0.481188 -0.00250317 146.692 -0.0141376 0.0309545 0.999421 0
0.487969 -0.872163 0.0348961 169.553 0.872832 0.487889 -0.0113442 147.194 -0.00713145 0.0359941 0.999327 0
